10111323222032103123102020
12123211130300003032002232
03110222132221102021333320
11031233033212112131013322
11111001032011220301132132
30023221023110303023032130
10000213013011233300321000
22102100022103131100013220
03201022030032331302013120
01032202001320231203231112
30220113331101101112030032
33332221003213103200000122
12021130322100012310120312
32000130232321200221203102
00002310121300101110023120
03013102003231020232131222
11032323123333203222200320
30113213322113012302303022
31012100203102312121113210
22220001133021102321032210
32321022212323002113330132
10011001101100110011011010