223203003310222333002
210121301210132331200
213301331221123221100
130033211332201131210
322322222101003021122
112113311010030231202
131321003033210130220
100321212332021201200
131232102133333211100
220303001033003002322
211101112311012113232
100213123321030132230
231231301332110130232
303012001213021201032
301310112231200211222
110122200130233133300
232131120313302023212
003020223332003100222
031330001113222202232
330122232301311123320
331213133132030212012
310310211012111131000
001120031303113210032
130323103303233102132
311103023201002010320
232230223000110123002
301230132321313022102
031313103001333230010
301032031213120103302
013010033233321001030
010001111001010011010