31011011022223131022
33033220201331100112
01012321020110210000
12001103212222022210
11312213332201020212
33221031331020133302
12202013023232332102
00221232121331211232
33210232313303100300
22231220210223221112
23201020031233030230
30103303110231010012
13010133310101203020
21131331011222021110
33200220121022301010
02133220103212011300
02330131001332010102
31123321231333031020
10101203032133001032
30021333233213320022
11303131332011213132
01200102010001112102
32222213101112013000
30311120301321301220
32033230320321121022
23033321021031113222
11031302131130003300
00101000000110011010