223213103131130300332323223212
320010201001120211131013030212
021200203032313210130022211312
021022232321300302330133102000
232311120203023101320301103310
133213322120110233020110010200
313232322012120311232032320222
320110112103123112021130032032
133003012011100022223231300000
333322133101221011020313213332
220303101300210323231132233210
000200300011320323020130113110
003102200100233131223333233220
113122332013331112101313311330
320333300303003110213323122200
332303002000023100330201111212
112312211112333310201311130212
013300000031131331011023323220
323333202311212003203011221200
102101331000011320302023131030
000211133201301322223003321132
010031302323223112203111311120
102133221113303021213311003122
010010322113220102113221212000
232132210012121011033223110220
312013303333023332000332132020
331011110313021313132213000312
033230113211012011103231110220
223122333131223211230301213202
002222000112230102023230013032
120031033333020310313011323132
012130333231022023312223123000
101110010010011011111011111110