01101332213012233000
20022112210132301230
23010021033321010132
10103103201221212012
10321213332233303012
32211032120211133010
21020020032203231130
00122101122212301310
22330300220333020100
31030103220201323300
30321111202211322100
13010300222121220032
31330132013102301030
00011213331010332222
30312311213121101332
11132230031132102322
21032212222220101032
23221302032212331132
12310213322311100110
11232321033033312310
13003123303111233112
01311011110100223012
33131202310321333120
11132000112130200012
01110101111110110000