203311112012102301200
102301213300332313302
101131010111102110100
333033330330231101122
211233023111013313310
121302022101011023030
232311120000021100022
131332303200030233212
202203330300213130030
230033110233210211232
211312200203311233232
011330100311332232120
120331233102210300122
010103132021102202020
121032203312210001132
333032210130211212010
030211231121333202320
202203002230211220132
203213230320220131220
210122120011222221230
012222333213102130300
002211130232313312330
032000110031321101000
010200103201321210330
023310212012020103320
013102130331013231100
321100133213103130332
032311123233023232030
122300103130013023312
210100123233112212312
100111231030231021002
302023221230020132310
121221333001101031212
101010000111011001000