33311223332203133211020110
33331330220102001223130032
33202020310210020133320122
33112220313200231323310320
31102010333101112333132022
02010022113310303123133212
31001031230220333212003022
01213323131100300223330112
33213323031113233330023000
01203133122323302200000110
11211113222131122322032012
20001222222310133230121000
00201133330002211310031322
10111213022211102110121322
00210220013122211231011210
20301002202200310123301320
13011002030103221101032002
12033001032230112133210120
11032123132332230300013230
02230321203011001112013030
21302112203201120323212032
22232121132120312201321002
01331011030212202130133000
30323001331213230001033132
13103231021030213302133100
10320300223221202210211012
11111011001000110101110000