01011212230121303002
31020322032130033230
23233132210100322200
32311310301323333212
20103023012222000132
00312202330310100300
21310210331200100232
13021103232312213230
31001303121220211322
03330002212301010202
23301012220313133202
32331323012013330210
30311220312322113010
33231223122131022130
23211201313103201120
21122333122113101220
20200001132230331202
02221133111312321002
23302310231023102120
01202033310312031120
01303012022122013012
21311220222113313122
23113013333231000230
31320311220112120032
33221232201302210220
12301113333012322220
33021130110221120302
11021123120001131100
21023230323212002302
30311203101311112302
00213132130222022230
32102032223021112120
30302132111120222200
10302103111113022202
00123213122131120020
12222120002031001302
10111001110000001100