30231030113112230110023210202
10322022230310030110222112130
00301300303211311132100013302
20001000300200131220212013210
03033213230300310232100220010
31311230113011300001000020032
30001311130302303033210301332
20013012233313100023120223022
13001013112203202330130210112
11030111201320121311030302300
00231322113023011023032333030
10202112331301323010230210312
03211033222233331010011323010
03012223233220102300033211232
13202013230213322030312121202
22320320202313031322012313120
01011100101001101110000101110