2333003123022233123032
2201322333030233332132
2311122001223221021010
3311133001303302331330
0232323110202021210302
3333001012300020310100
2311313220223031001002
0130313222131010022022
2323313012230102222120
3220120313010011011110
2211103210020102203030
1232132011012112201120
3322230313032111321200
1323212230023310323300
1122230003230012233202
0032333331332011321100
3323133211210130202010
3200032111010002232312
0131303233301310221222
3221112220203211313112
2030233221333020210320
1301012300201222301132
3310333131122033213102
3121131132331103003230
3122001000103002323112
1013103033133120200300
2320303200301303121022
1333132023203201020310
3210110101302000101310
0122221203322332122110
3300030233003123010032
3201220111010311330212
3221031002301310100132
1030001223302322033122
0231101220102330003002
1012202210013011000132
0033002123011211010102
0323203122032210030102
3032332112332033300100
0001302301130123201010
1011011010001111111010