10023312332000012023100202310
30000001313011131332311333110
11321000103313230101010230102
32223320232313020003123301232
20120100021030011023310301320
20122331232212021012012133112
20323332132233303112313112300
10301302033120210002310311002
00130012222120030233100102200
22333311023310111200310000312
12203112022323301320002011012
02331122022230020221310001100
00202111012110323201003230020
30211332320111323102323231232
00321011220030302031202132312
20330100103312213031031202210
10320010101012130130223331112
31013102011311112230130200222
13120031201022210313320100222
10021023003002331003101003120
01100110010000010100011111100