31031020302311200210221302230
01211020032010011322032212120
30133001133313323202020123332
01121023023221113123101101330
31120320131100000033011233220
33200301303022112121303220212
32031013203031000013101323120
10100120021213123222123113100
00220010323030232102301002220
02210231201211011233012120012
21100030310313002221212110222
13331203200001031123133230020
33003132132222012010230003122
20130032103000322133112133122
12123102233233102021020030232
00222110110130311002010113130
21202110030202320121200200102
03120230203301002103221121010
00310031310110303301230233102
32312301323323222132311001002
03123330303200300022102222300
33133322133333223033102321102
30320200330122031313200113302
12221131021321202021120032300
13103330203012001103100002212
01321131000201220230301321130
10333331111201000033300233302
00010100011011100110011101000