121330212031031010331011132032
101223133312203132113210023322
132122120332332133020212300202
011321122332220113213202332320
210301101013022312110220130232
231312201221331113300113100222
330103113331111303220221330112
110103210301101121202321322122
231030323221032131103331100232
301330323032021000230200323210
302003020033031133313131030332
030301303131311232000332331132
002002010022100223032031203322
323311331010212030012313312012
010333300112102123310013123002
121110201201033200003100202300
311101223001313010022222103222
210101100030210220230230320122
013131020020020331011013203030
111013223000210320221310012010
001011011111100011101101100010