0333122312232003330
3131021303113111220
1221222130302211100
3232211100311121110
3113033212101013030
0311132313131313000
1201031121113233012
1122131333221031312
3030010211231313012
3331332102313110102
0332001112310111310
1211202103001100122
0032321203233322112
1120212020212122200
0202222021110222232
2120302123312113312
0202033322131222300
2310303112200021130
3312331100323002330
2310332112101120302
3210333102030002120
3120322330300133320
1313030231011131232
3101010330302111212
1303323111323322212
1233130122233112302
0010212111100300022
0120120113031203130
3321220021122323000
2220031230131321132
0103133101300120012
1010110000110010000