21000210123222030
02202002233211300
11302102210110330
12011032322002032
33010120100123030
31000300103120100
30210220331031330
21313102231103312
03233231300202130
01013213123303012
13133312020013200
12100132301100120
32222312120010130
21202232011310010
32030323132023120
12333022100230312
11022101300022130
33333310112310010
12103021133213322
13222312212000102
13221000313000322
22221031010111310
22110103112202320
32030201001033322
23223300211301210
33220233231321230
20032020102331232
30122000030103322
31101012133111300
13200130231222200
31033312312002232
02122221102203222
10301030102002332
10033003111322232
12302101232031200
12032331011230030
00010101110000100