8  1  10  5  2  6  3  8  1  7  6  2  11  0  3  5  10  10  9  9  5  4  6  3  2  10  9  2  4  6  3  1  2  2  2  9  6  4  10  6  3  6  8  1  8  0  7  3  4  6  3  5  2  9  5  0  2  3  7  10  3  4  9  11  4  8  11  1  5  10  5
7  6  9  5  7  10  7  7  11  10  11  11  8  11  7  6  11  6  10  1  9  5  4  2  2  1  1  4  8  7  6  8  6  6  2  5  1  9  0  11  0  5  5  6  9  9  11  9  6  2  7  1  0  6  10  1  3  2  7  9  10  1  4  11  10  9  4  4  9  1  0
10  4  3  11  7  6  11  8  8  11  6  3  9  1  4  9  8  8  9  5  1  3  4  0  6  10  1  2  9  11  5  7  6  7  10  11  3  2  11  10  5  8  9  3  0  5  5  7  0  7  10  7  3  4  9  3  9  7  9  11  9  2  10  2  3  11  3  5  6  8  4
7  2  10  0  0  4  2  4  8  6  2  5  8  11  5  0  3  6  8  1  1  2  2  0  5  4  4  11  2  11  2  10  7  3  5  0  2  9  1  11  3  0  11  5  9  10  4  10  2  7  5  3  9  4  0  11  3  7  6  7  0  0  11  3  0  9  1  3  5  2  0
8  7  10  5  7  9  8  2  5  2  0  0  1  11  6  11  8  1  1  2  10  3  6  8  8  10  0  5  9  7  8  3  4  6  1  0  9  0  11  6  0  0  7  8  7  4  10  1  7  4  7  1  10  7  3  3  4  6  2  7  10  1  7  9  4  11  7  5  2  4  5
7  7  6  4  9  5  0  8  4  11  2  2  10  0  10  7  11  7  1  8  10  0  2  0  4  10  2  11  0  7  10  7  11  9  4  5  5  5  1  0  5  10  3  11  10  10  3  3  11  9  1  0  8  4  2  3  7  6  9  10  7  5  7  4  0  11  10  5  3  7  8
10  1  7  2  0  9  3  5  10  3  6  0  2  2  9  9  0  9  9  10  11  11  1  9  4  11  5  3  1  0  9  0  3  6  7  8  0  4  1  3  4  1  1  8  5  7  0  10  0  9  4  11  10  4  9  2  4  3  10  10  5  0  10  0  8  9  0  6  10  11  7
9  9  10  2  11  4  6  7  4  11  11  9  1  7  1  10  2  8  1  1  0  1  6  1  3  1  11  7  5  0  3  4  11  3  7  4  6  9  10  5  0  8  7  4  9  4  9  6  7  6  7  2  7  0  0  5  3  6  10  2  4  0  11  0  1  7  6  11  11  0  4
3  4  1  4  7  11  4  5  4  11  2  8  11  11  4  5  1  11  6  4  4  0  3  3  2  9  3  3  4  3  0  6  11  4  9  4  1  0  11  1  3  0  8  1  1  7  6  6  5  8  6  8  8  0  2  5  2  9  9  10  4  10  6  3  6  0  1  10  5  7  8
0  6  6  1  8  11  9  6  6  0  11  8  4  3  11  8  7  8  0  6  11  6  9  7  7  3  4  1  0  2  0  4  4  5  0  2  4  11  9  3  9  0  2  1  6  9  2  11  3  3  10  6  10  2  0  4  5  1  4  0  0  4  7  8  9  11  7  6  1  6  2
7  4  0  4  2  10  9  6  7  11  0  5  9  0  11  1  4  0  6  2  10  2  10  10  0  1  10  7  7  9  8  2  11  11  2  5  5  8  3  3  8  2  4  1  2  10  3  11  8  8  11  1  8  3  6  6  9  0  11  9  10  3  5  3  9  10  10  6  8  8  6
11  8  7  8  6  7  10  2  6  1  7  7  8  3  2  2  7  2  3  9  6  7  4  3  2  3  9  2  11  3  3  2  11  0  7  11  4  9  7  8  2  6  8  10  9  9  4  0  9  10  6  7  7  2  8  0  2  2  1  7  0  8  11  10  7  3  5  0  6  8  1
7  8  2  0  5  9  2  0  2  6  10  7  4  7  11  4  4  8  2  8  4  9  11  9  4  4  11  3  10  1  7  4  1  2  6  7  2  0  10  1  3  8  1  2  10  8  6  9  8  11  8  3  3  2  3  10  0  5  8  5  3  8  1  8  1  9  11  11  10  1  5
4  1  6  4  10  2  4  4  7  6  0  0  5  9  0  9  11  9  4  4  7  11  10  8  10  3  6  3  11  5  9  4  3  10  2  0  2  11  5  0  1  2  1  2  7  2  9  11  10  0  10  4  0  0  0  2  6  3  1  6  1  6  0  4  9  11  5  8  4  11  4
7  1  4  3  4  9  7  2  0  3  6  8  7  11  9  5  6  9  4  6  9  9  2  9  4  5  2  8  6  8  7  0  2  3  3  3  11  11  2  4  8  10  4  0  7  2  6  3  9  6  1  8  9  7  4  3  7  9  11  0  5  1  0  6  8  11  2  8  5  3  5
5  4  7  6  9  11  7  0  5  8  9  2  1  10  5  8  11  5  10  5  11  7  2  6  3  3  7  1  11  0  4  6  10  0  11  8  6  2  8  10  4  3  4  6  5  2  7  4  7  7  1  4  2  4  7  4  3  10  4  0  6  5  0  1  11  0  2  0  6  11  2
3  2  5  0  7  7  8  10  3  1  6  0  11  3  1  8  3  2  1  5  7  9  2  2  10  7  0  7  9  3  7  2  4  9  0  8  4  0  9  1  7  4  3  6  6  0  3  5  1  7  1  1  11  7  5  6  2  0  8  11  8  10  2  5  0  6  1  6  9  8  0
4  5  3  10  2  0  8  4  4  3  4  4  1  11  7  0  1  4  1  0  7  3  0  9  6  5  2  7  4  2  10  6  0  8  8  6  6  9  5  1  1  7  9  9  4  8  6  10  5  9  1  1  10  8  4  0  10  7  8  11  3  0  10  3  7  2  10  0  4  7  4
2  5  3  0  1  9  8  3  11  5  10  4  10  8  2  3  3  6  7  1  6  7  11  3  2  8  7  5  2  3  10  7  2  9  8  11  3  4  10  4  3  4  11  9  2  8  9  11  4  10  11  2  3  7  11  7  6  1  11  7  3  5  11  7  8  1  8  10  10  7  6
11  7  2  8  5  4  4  3  8  0  5  9  11  3  11  0  5  7  5  3  9  8  2  8  3  11  3  6  8  8  6  8  6  3  6  7  1  2  0  0  7  10  3  1  11  5  5  5  4  8  1  4  9  5  0  6  5  3  8  7  0  11  6  11  4  6  0  1  2  7  4
