9233  5564  5736  1661  4593  2998  6620  5217  1796  7729  9908  3593  3217  5308  9480  2528  8907  8024  1174  5056  8802  9017  1270  1312  174  7906  8620  894  1098  9701  434  465  8375  2030  6680  7664  4951  4001  2970  3168  8685  661  9327  9030  2073
2857  3735  9047  3835  6771  6824  38  7728  2499  2145  5265  3198  125  1967  7948  1498  5283  3747  7518  3653  9924  4896  8366  7283  5002  3885  2780  2740  4122  1469  266  2096  7717  6481  4729  2095  8102  9486  2905  7137  7709  9576  3464  9023  3324
1364  7453  4989  6231  8856  7116  7796  5439  2452  6257  2197  5426  801  1257  3235  1489  6622  7764  6572  1469  8770  1318  3730  7644  455  8958  4715  6257  7053  3239  9305  3795  7075  7196  6019  8018  9065  5232  2752  4137  6086  6867  1839  7339  6925
5257  6223  3782  9133  3572  3755  7789  478  5433  791  5682  4785  8952  3556  4833  6693  6925  2113  6204  4108  5804  6236  9991  8398  8539  225  9250  1021  4479  7745  67  8532  1465  8051  7183  6178  2745  3655  2711  4787  5007  5158  3962  3809  3949
5243  4310  73  7622  5506  1807  4791  7941  8281  7732  8101  1718  7551  5320  8214  8785  5313  4272  9039  7973  1649  5793  3012  8456  9403  3603  9300  6939  181  2364  7631  9375  1241  9605  2605  1725  1843  3423  2790  4174  7962  2083  9369  8903  7358
1804  1623  4500  1508  4215  9965  350  8221  3431  2244  617  5066  6139  1975  3789  1552  6986  2048  8755  8207  4232  3814  9499  6900  3530  3464  4500  6713  1616  1051  7817  1052  8227  7406  7053  9068  6109  7477  3836  5329  3629  8199  2700  7916  8505
1918  7620  9869  5147  9164  9890  1853  7979  2553  3582  1183  8697  4968  8008  6411  8720  4055  319  4874  4668  5960  5391  3739  5140  1242  454  1229  3306  7967  2204  8649  6324  1150  4438  7422  1944  7737  8656  4880  7771  1528  6098  8548  3616  4027
8497  6821  5883  7513  4087  9717  2521  1663  7153  8057  5345  6387  2929  1416  5222  1171  6306  9281  9830  1499  7025  9148  1461  7450  9819  2976  9745  4457  8574  8360  8046  4053  8032  8290  810  4326  9545  6188  3665  8037  7004  7402  3199  8053  6478
1179  1817  1442  784  6113  4109  5321  9007  9209  8428  2004  3616  3698  9967  7957  4850  3343  8364  3557  3663  1531  5253  4458  9169  7041  4865  4126  7058  3916  174  1623  3962  9744  7467  6573  7069  3091  4275  260  573  5712  3258  3355  6130  6358
7121  8692  9752  5031  7131  4387  693  3938  2937  5797  5724  6985  7326  2331  6344  8538  6160  4029  4953  9174  3506  6008  4749  3914  4895  9045  9983  8940  2470  3057  6445  3604  7812  2240  6153  4755  8331  9799  3316  1542  9058  556  8841  888  7764
7615  6246  6585  9537  360  4718  9287  9598  1183  3986  9927  7698  9385  8630  8877  8899  1478  4580  1674  3742  9171  4605  7790  8130  7512  7350  8468  928  500  9249  7793  6602  5778  9781  8439  7907  4919  722  5747  8097  7352  5821  2220  7788  6861
6838  8397  9825  5154  3864  3577  6361  2397  3899  3695  53  7057  665  2395  3319  9920  6500  3566  6049  2729  9386  8115  1603  590  7418  2027  9972  9492  5701  7935  1894  1973  2472  7656  1317  840  2287  5661  7987  2585  3971  8481  2545  4427  4838
887  1974  3045  1946  9829  6719  3934  251  4251  7577  814  8183  1139  1533  930  1213  9280  4675  5239  541  6960  296  1342  6026  2710  4529  3225  2839  9796  6167  7858  7271  7757  1159  9147  9004  9850  286  5002  346  9801  8083  6271  3225  4651
9298  6712  4622  230  9806  5231  6610  1357  5976  3622  5270  1964  2425  9597  9075  1327  3232  6382  5495  728  7409  5085  6840  9138  4074  6128  5972  7709  3786  6897  2844  8818  4698  1081  9085  8727  8637  2265  1790  3186  8024  8755  5214  3349  7457
8509  6456  789  8667  1250  8288  9869  7458  8715  1181  6468  3957  6109  2419  2417  173  7769  8458  1640  9451  5973  1109  4268  5239  6386  7248  3689  1290  776  4106  3007  5682  1110  8141  6880  7503  5908  210  6760  3294  6214  1213  6453  9435  3616
7564  133  9963  5260  2380  100  6192  1166  6837  4732  2429  7315  2726  8682  8257  268  5376  2083  1275  4221  9559  6388  1848  2467  7910  6930  209  5258  5077  1280  1539  4863  186  724  3942  7444  597  6467  7814  1959  2407  1788  8700  6235  674
854  5872  2943  8464  122  9126  9875  506  3557  4097  7061  7363  1478  3047  9985  8852  2749  1681  6645  3013  5747  5110  3693  5585  972  648  4947  1811  4745  6792  6904  7948  641  2573  9064  5116  9202  4071  1452  9405  9437  2220  4948  306  3414
7942  3348  2299  976  1745  4216  524  607  3887  5675  7723  5000  8283  542  7507  6153  3839  7869  7897  7786  1547  9633  6047  6985  1228  5346  6569  8770  5531  1703  902  5049  4003  2141  9277  9087  6573  8661  8909  1553  6869  2006  8319  6069  6988
2976  4755  6283  9948  3988  9999  8392  3784  8861  4540  2208  1784  3768  3567  4101  8893  4883  2592  8727  3440  6511  2796  3072  1220  4189  3498  2945  9194  8998  7324  4332  4886  9670  526  2603  7311  5148  8710  7600  9420  2530  2949  5887  8903  3717
7741  2217  7697  2227  6972  5766  3045  6868  2562  6511  7096  4806  8620  397  7570  8289  6583  6269  7752  972  6140  9001  8028  236  7218  9518  9229  3775  2253  5113  398  416  1230  215  5667  2951  5571  6588  8555  1598  1671  1364  2476  6156  6640
602  1101  3143  5377  5714  1430  6242  4192  790  826  7322  1391  8488  6823  5532  3868  3191  3166  8213  7565  3083  4329  9577  728  1068  5482  5529  3715  5783  3927  1466  9611  1713  9959  1592  3945  3991  563  2900  9738  4234  2616  9631  6143  6125
462  3987  3561  9639  4353  6930  4428  2441  1341  3632  8857  6171  5637  6539  1350  8948  2032  8194  5937  2002  3250  8915  2808  3288  463  1615  4869  3813  6193  3427  7215  3475  6095  4012  7625  3646  3877  4582  3188  4594  4549  67  5901  4891  9935
5029  5990  2893  8759  8486  6416  5315  5717  806  3909  6880  4598  9910  8287  9658  8124  2664  1644  1341  4520  630  2032  5124  5351  5962  9664  4805  4722  8381  7395  2759  1531  963  9326  7834  8271  7756  3009  6846  6084  2924  180  9587  1797  643
8415  704  9203  5558  5553  1341  2200  3341  953  7213  5557  9198  4772  8530  811  9424  2504  3545  7010  7317  8862  5762  3951  4566  5099  9867  830  3656  45  966  3350  7288  1343  9863  8274  4393  6770  2963  888  4623  1866  9803  8420  4849  7517
5531  8227  8872  9277  7359  4564  1304  5302  4512  1899  7823  160  2170  2476  9216  1328  4555  9523  8945  7428  3081  1686  2230  9330  6249  821  5981  5283  4063  7515  3745  3421  1943  4277  4931  4227  1645  6289  3923  2961  4772  1678  5939  592  3658
9633  4023  7323  3058  4884  3221  8157  4728  3161  1785  782  2695  3024  9143  4397  3851  7552  8447  7404  5010  3769  8212  6447  1329  6149  2660  8765  3366  6499  2967  8918  6375  5120  1740  9046  4439  5152  2064  6170  8151  9563  433  2020  142  6239
3921  3606  9710  5351  7942  799  1400  7432  9927  3518  3035  5031  2448  5931  9279  5848  9557  2530  1511  8698  1125  4882  6435  1215  7449  5292  4521  9687  2948  528  967  5202  8132  4244  3701  5380  257  8826  6683  3783  993  4671  7614  2686  3151
9713  8894  8333  2825  6485  4874  8173  2401  5411  2032  2050  4009  781  199  4998  9466  1175  2084  7209  998  8469  205  8581  780  3522  942  7921  1076  40  2289  79  6333  9290  8811  8783  9903  4037  7752  5151  4809  4271  4763  2738  7494  1296
2312  6214  8554  5291  487  7687  3663  2470  2123  9856  739  4752  420  6904  269  4895  6859  4734  7028  5454  7457  2157  8574  8609  4202  5680  7801  4797  1253  7901  1605  2401  113  313  3576  2137  1829  5232  2524  2711  1452  7345  8111  292  4049
3224  6580  5033  8151  6874  1936  6551  6169  2325  2802  1170  5137  4235  9960  6737  764  1938  8260  8131  3022  5073  1934  1621  1271  2910  7787  9382  2790  3427  6693  8666  4705  4491  4370  2614  237  8152  2549  5299  3756  5692  9327  3339  8041  9963
1814  4800  1491  9296  9423  411  8032  2117  6315  4441  6372  4033  3664  2060  6883  9943  8308  4278  8368  2005  2634  5001  6751  8698  4940  5087  1872  6869  1986  2588  3117  9240  1831  7288  7840  543  2304  1725  9083  4752  5275  5505  4132  6365  432
1050  9625  4187  7275  3867  7821  468  1425  5649  4018  3776  5221  1867  1012  7070  3929  5603  5997  5559  8767  6374  8968  4123  6104  468  4975  5133  7522  2261  9715  4041  5745  3560  8878  7127  4389  1332  8951  980  9921  2385  3279  169  9075  1433
7533  498  9615  937  1664  260  6913  5287  7769  8897  2592  5595  8205  5969  6104  2924  617  9094  7041  3715  698  9863  8088  4626  1938  4097  945  7094  620  2757  9308  6398  4078  9712  547  2250  9166  7235  6071  9218  9691  6931  1488  5856  9872
7743  3377  3980  7774  9  3753  5397  2860  6435  7607  8164  3498  9415  6120  5874  6868  9444  8213  801  4220  5424  5261  7225  1484  6205  8410  3182  6244  7324  5429  3543  4563  5573  163  1522  4592  9632  1099  7077  6208  6149  7798  8523  3965  992
7651  3004  9504  6  9710  5248  4594  718  1737  5349  5417  2991  4262  5088  9652  9079  5964  8007  504  4471  5741  3366  8249  5024  630  9139  846  2349  970  7818  9493  130  7400  9927  8739  1006  863  6603  4459  8886  7385  9579  3327  2793  2070
3992  7331  2738  5803  1288  1013  6048  1288  8341  6320  1629  201  2591  9470  58  3591  8538  4474  5948  8012  4522  321  258  2695  3483  8257  9154  2362  6333  2368  1416  6170  1361  7086  2799  7936  8845  4670  9663  9896  9184  7596  1104  512  7646
1002  962  7344  2522  7065  9769  6080  4415  8367  9186  4569  9678  1769  5659  862  2925  4687  5671  9321  8043  3734  9606  9445  445  6720  7649  4328  1309  5352  7736  8536  9041  4165  5226  7542  7332  2062  9658  9969  9233  4052  9647  5162  593  6582
6280  2194  7056  6697  5773  727  7207  4666  9185  643  6164  129  2924  6242  7312  7403  5938  6637  4425  7947  1812  2163  4479  7160  7384  6135  6700  7856  6284  1970  9777  3443  8775  6471  7446  4141  6659  8212  8033  596  6874  4054  5206  3559  9092
3577  2750  8807  8602  7765  6268  5128  6389  9133  6545  1007  1850  7687  720  1899  4170  9735  8424  5064  9174  8126  8983  836  2605  9313  5025  1701  7332  3874  7031  29  8772  1270  1724  3844  4852  4126  9772  2474  4481  5726  5915  2330  7549  6744
2779  6762  8494  9886  9983  4004  5535  2974  4832  4852  9204  3998  3741  7832  4073  3  1056  7357  4174  5001  1008  6382  3530  2806  2694  6719  2532  2423  2611  8657  4172  9835  7377  5031  1982  7368  1142  1137  3416  2539  599  7575  9319  5905  1732
2775  809  8733  7016  8156  3919  6132  6281  1119  9469  4510  1714  1354  2331  7825  7058  111  5333  4752  3877  7714  5306  6858  1082  3502  4770  8596  5221  8545  4388  7380  9692  467  1080  7917  9903  800  6617  9161  4174  9219  608  1134  5651  8709
5994  5450  2958  5375  4855  7646  9613  5241  6575  5228  4464  5460  334  4581  1102  6621  5621  423  9577  5603  9009  4032  7045  5084  3975  9446  8071  2743  255  8144  3503  5768  5518  4309  3003  8599  1811  6443  633  5357  3563  9129  5344  3037  8155
7037  3707  6843  3448  7019  7871  6337  8221  6711  3751  712  3544  893  9429  7564  8570  6957  8349  3018  3311  3191  2462  9250  4747  1067  1945  4379  5137  5074  8893  7114  1438  5922  8969  8547  4791  9283  6989  833  335  8814  3237  530  9458  3346
5852  7578  5554  9781  4116  4579  2099  1775  7294  7065  4289  339  6759  948  8565  3254  6624  9134  6945  8104  3159  5110  7976  6355  5053  9305  6797  2137  5959  8127  1072  6740  3264  3554  4988  4141  1973  4369  620  1837  2951  4557  1955  1585  90
5301  2477  8718  7391  8356  7339  7681  2672  8433  1704  4405  2066  9412  9618  2638  4238  747  5162  3210  5282  3123  3764  3242  9206  2704  6016  9714  6990  1261  5154  7994  8679  1856  5460  618  5066  714  6663  5809  2899  3938  9011  2515  2838  5955
