0023131310030233332211313001020
0223230010212032103013130220110
2310011102031212311332210122112
0200023312023233303330311030232
0011310232003112122213011101022
3012332330120003303112021123222
3312301003221122033223113323210
2012021222033302223220201000102
1220233302201203103011230030132
3112301030203212312232312331130
2113200302333022202010032131230
1333203211210030132231001231002
2301110213120112010120132312020
0321033330323003112030021112230
3323021312210210330321132030222
2213031031312211013011222313330
0130313033021232312300211022230
0230301032110131221003101221210
3133333320013133020201001012210
0011000100110011001110101111100