0231001223321221030
1131323001313201100
1200221113003311312
1313323022031322120
0312332330102001332
2111332101231113202
3202210200002103302
0313001112201203232
0123330230330220100
0301211130222030232
1213312022120312010
0123102323232000010
1330230001112110110
3201120023122023010
3130000213033201012
1102220333222002312
1032332010311333030
0011232222122013302
3022330023301123200
2221213102112233212
2021221030313032330
3031120321123110012
3021101310012112100
2033220010122123120
0130323001021233320
1000011010111101110