3100302231201122121311233221030
0230202321133231231202111133030
3300233132302312101123003021102
0010012301221123003233133133002
0100213211000232222110022033100
3230000131011221133211111103120
1300332220022321232330133320330
0111202302202001002102032311032
0012311021033031100102310112212
0133001322122221031112003320300
0022320300200213033221032231122
0322212211202102323232011220030
0002212101110032211112032103330
0223303003223030212330122132320
0111121301021133233310210201000
0213213213332111310202031113000
2021333023323211331012020303232
2303330203112203320210123103332
0013223021333130010322113020000
0033332221133112203012113310132
1000231010220232302022333311330
1330312003101300313310022201302
3102233020132310000232001011210
2213121230123323320312130120032
1333100001200313330010033020020
0231131130310100230100211132010
1230232200000030321330100221030
1010001011010101010001001110100