010111001333310112022
031123032023022312230
232012223021112011032
213002030232201221202
200010230203213122120
112211003300312112330
011310023111330202122
013020202312200302312
313330201101303300110
010213202030012331222
131002222232201210302
101231213322113120302
211000322212033012012
222032330313113001100
121113022303021131312
130223221212302032200
330210223332210310230
122332131320222102132
102033030322233131100
032122333101131211030
332301301103022320212
330101032120200233122
331030312023110011310
300100230133030110210
321020233333131213000
112330103123032223330
031033320330100312302
130021101020312301300
033121301103000000120
012220121332313211200
133231131001110011230
012031232133221330330
002123321311132321212
230133100032222211332
113002112210013021030
132122213110122121100
100001001010100011110