001032121231232001123221032
120223012211211101030312332
231102021232101301222030012
120232100210021300030122120
111233201030212111123300300
020101003310233033033130110
133002302103003013302022320
013321113200203323022130112
321201001103202211300313222
230202113000121021301103200
003023310320103322000213120
010303220303023213213102122
011003111333220300123302030
200001323001002100032211232
300031100103313222121110320
303003123012000300231123122
303203022333320132102221010
013000322210123012010102232
033222100323110211301213110
331310213102133203221303230
203022101110130330133120320
210300113202132123331010310
011100001302330111322300332
211233332031222100210210012
301230202213221200320212032
211122220023321133312222102
012233222203110320333331110
113221213003101311103111100
110213100110331302001023312
002231211232321013232323100
211033112310200131033321122
001010010100010001110100110