32302113210231303302
30200331021313122302
00313200303210122302
22121000003222333000
03103000003111322232
00330222121301122220
22123131322101212232
10133210300213132110
20333003203233133020
12300000033032313100
21332203200232200230
20131313003213210012
20001331003223003112
30012020020211120120
10011203300320022122
32303220032120120032
32120033201003102102
11202101023210020222
20001020302203331130
13223332100132100322
10031231023213100220
11302133223223300010
10103011013201133210
11312322322303021332
03311211020023000002
13002313331233123030
00011000000111001010