10230203221331330132
21132002001213011320
00131300310220010012
01332231320111001330
00132310330120002112
10232133031002320102
23112130032232023032
30312303000231132022
20000320122300321230
23310000311102221110
33213332130331022300
13331122312311331130
30211333113121033130
33210001201230200120
13322101221200230212
31320122110300120030
23002113103231020010
30030210002321131320
00131213202031131102
02112212022203313000
11333222322112321032
33102020023321123300
30300303222123033210
00231231012203132222
00222232201300113132
23030232210033321000
00100010100001111000