210020133302202223113133321020
131212021231102212013031121312
033320320313322133012213131320
120020130332022111332111321020
122333332333223030323213222132
223301023122321233110212021110
230320311212233101012033211300
102030111132102331323300203022
303003011211221022313112133000
330030232222020303323232133032
020122132023023223323011212020
120322312131201120031033113002
001131110010311322133232231202
231130332121113230131110213012
203220113122320302312203020110
132303202202321301321001112302
013011323001303000030030013002
330132310301330332103000132120
033023122033320213220232121100
000202222110133320201113021120
122032202220311310311221201120
313002022211332101213100203120
101301223101121310222021232020
110312112232333301021301102120
010011101100101111101111000010