1131130231312022203012
3320213321111123001012
3220000023032301101200
2332303223302210222330
3320223133030002333202
2301133003112221220222
3230220133133321200022
2221102231020320020222
2330130222110212200210
2201003020023230121122
2111211000201311320030
3011020103302332020302
1031303320003101103202
2220020331033010210302
1200000210011020121312
0201213211223120033110
0210231112012231233132
3320033033103213330202
2000003302121300322010
2100200100120103300200
3300122000001222012030
3200220322113221103300
0200310113223331322110
2203022131203102300010
3322211231212302133022
3310233320302231130102
0021220231031021230302
0212223302132023202102
2313031232213211032200
1001001100111001010100