10221321301110112101012232
20222233123102230113102002
01112120031210220022320220
23132113211231001021002302
22103220110331122130020312
13211032010102131322323330
22011023113101121203030202
01302131013230333101122232
11320002031313113020222332
02111100032003230203032330
13331103110233122033303012
30212233222200221020100100
12012311302113230232012212
00100022222032223111312012
03010103330301003221020220
02012231213001001032212022
22312130312230233002022320
21102331302030001313310300
10212311213300232212223022
22310023031133230220200112
10001300222022300310221202
20210330210113312313032110
33023122223213012202231302
12223202130230232000233200
33112223032010231232000020
32101130211220033013110200
11122011102232200301302020
32331122312002331321022212
12111121110301002212112012
12020032302202320031011200
22002303102323002210030010
03200113102212223113110232
01003203133331033000220122
31021210022120331223330010
13221320032302302310220332
13121302121303232301223300
23200231002232020023032320
00203310230031230132312032
23301320302020213012202002
22012211213303330323030100
00110101111101110101011110