200222320133212333222132322
013310321320112230322112312
231220323223110313130232032
120213113213102202031012130
122122232022130032000233202
031022130102333233210210032
113313201310321123231110000
211212013313203210223303302
232220211000333123023231322
113210000131100113010330302
021031022131123232311010232
200200113213033231321032302
121203331132001000013201202
131220333321203322213311212
311000123003110233312203100
313103102310020332133110022
310132310300131111210201002
211223330131113232120032012
000013130320203033330101322
101110101011110111011100010