3032220310200010210300103012
3332332223212200111000112130
2232111200100003102021011320
1100331132001030323333231232
0320113201203312121321300022
1203112311131021101121223010
1230201132010123002013033230
3312211012000020132332301030
2301032110110303310213000100
3300303021123003320100220032
3132102200323113102303331222
2232131301222112013021123122
1021330330222202132020232330
1231332002231233112313023122
3020322031012013113110310312
2003313202000120030102220312
1011310123001123101301110312
3223133320122223211331100130
0001330112322131023230330322
3110210021322032112310111010
1332110003222111320201312122
2231030023202212103112323020
0211130331102230001222022210
2121301032221003020123213310
2033223210120132310302212112
0331031113010323303310013010
0023201322131031213203322312
2100110032310011233203033232
0110110010100000100000101100