00203001200131020
12122233020312132
30103220110001310
10300331132001232
20000110323010312
32101312020030200
10310002211031330
31000013230203002
01131232230112120
00201030010103322
31003033023130012
11233030202233110
11000110000101210
23322112321213312
02233122031013100
20223031232201332
21033310201021320
02013123000010200
12320231200022110
11320032313020312
03020321031210032
10200303102321302
23231332331011100
30102013303121200
31112030322030022
03321313232031022
32112133020323000
31322330301302312
01323333330102320
01221121111301112
03033103311333000
20313210200112230
00012231123333012
32330323100113222
10302030203013032
33201112002102212
03233223301001300
23112001112212312
23020202103020000
33002333300221210
01101111011100110