0200230020001110312310221223130
2030231022201303032003332002220
2330323230132322110102322333130
2010000110202101032222210032220
1211321133330102121011301313002
0002311013003120001002030101110
0111132122201313133321301100222
2331230030313223022010323100002
3301233003121322133030223100100
1121232010201010132011232130230
3131331320321303331013030233230
0033010311303001002121101310300
3130330221202103023321331221032
1100003011001210332311131022130
1112111110313132012321023120232
0031111320332212221202321223300
1023101122013220311221113223030
2031322231122013320310123000330
1133011133223211012230230031210
2131322321031312013003301331010
2210022030133310312221322122010
0323000002231131011123321022222
2233002030301001132332023132012
1011010111100001001111010011100