0310130322030322332202202011010
2303110110011300302311100130212
2313310032310112310203322301312
3030331300201303012212010211012
0002312313203301010113010103020
2000320131032300200231223331200
3031323003000202210010332312132
0331231101221100211332232200300
0231012022322013223123330000210
3031213330100232031010312210300
3310020133330012111230033121202
3220211033013010200121202012230
3130121001001201111212100031320
2011031330302322213120030101112
2033033033300333230022102222132
1011330210023330121131213003002
0322322223301231000302122123032
1132030230021210230033010021002
0230022333101221021123131301010
1103020312101321200333230120122
0100010100011000001101100001100