033301213031103033112
323022002003010223320
031133012312221200132
330020131302201011032
133210222231030230232
320133100312212320332
313202331133200133122
032003313123330211202
210123001013200310310
212301203211331003212
133130231130023000010
212310321013131022010
022200200332103011332
130001212301232231330
200310330301030300230
313320303320323033302
331111200010320002030
031001030301322100332
000220031002113201300
132022323310221123220
233330221230133311322
222012230020301100320
300232110001310222122
020101000022031301202
012011203112013323120
011001101010111001100