1002123113210
3223303232002
0020231031302
1001100331132
2311010300210
0133221210312
1021132031202
1130122122020
3003103030312
2220202203220
2303121010012
1320020301222
2122112222100
0130211031120
2321130211212
2202331122000
1231200112222
1330202000200
1012103132212
3123012310110
1310233132030
1222230211222
2000120211310
1020320012222
3220113031110
0221312013122
1323303212322
1122320033210
0121203222122
1332300132032
1211313121300
0030300220322
2002021311220
1203303330312
3122031111120
3023232232020
0121131320100
2020333331222
0221113213022
0001001010110