2133333230311012
0030322011332132
2012013222301000
0201311213213322
0023023020101320
0031301110111022
3303131002023300
1130121322300032
3211111112101330
2301232300310102
2310221233220122
0023202011203210
0020332121011132
2111113211113012
3123331232112112
1110303111200330
0033233022303320
0323332330222030
1313322233121032
0330231201001010
0312231102132030
2302322320011132
3312230233221210
1123133331002322
1232133021302030
1023303300023300
0031232202121220
0233311000013230
0220212002312310
1310123331011002
1112022302020110
2202132220213310
1122000001303210
2122103120331110
0311010322310220
1012332320113122
2123123023111002
1221311223000000
1131121202202320
1111000110011100