0102303231021023020201230
3323221201201302000113010
1121032112320133220012330
0221210112231233100121330
2030110032201121122302210
3203313210031001113302020
2030323020200030332203020
0023322323133000131211022
3320201103112112000000100
1133012103110003130203130
3000101010101302112032020
3300120310110130102310020
0132200001201312233220100
2331102133211103230121300
2230013121210131121102322
3123100310222220202123112
2212110011302133200110220
2123210131323033321233022
3002303012232121312302000
2133033233222302111133302
3120223130012331103310010
3330333223302121322300112
2102221123322211101030130
3233222203220213330103320
0122210131000132330121200
3123313101213022020021200
2122011213101103031201030
1232200121013320010230132
3002333012203100011323222
1011010001202130333112102
0011000010010111100010110