033122211103031030203012
021212030100123330003030
321133213311213312310030
201321232210232012133012
300302203032330202331120
000311230130111021332030
101022120311020122131010
022223103023310030010310
002212122332122331301130
323031203231202100003102
211200331122121132221322
103000333300001321131022
032220330321200310213122
030002032023321331111132
012230132301311003020122
130221232221233121202110
023302132213033331030320
113330201001213312332000
321332120113323212100300
232101102030120123310330
133022312313022223020120
111001121213203301000222
030123131231301002020110
000000101100100011101000