0002102322311013212112030
2020300321122121022220332
2230100020313101221313302
3131230110221212022203210
3002131312332021010211302
0132333202301122220012300
2303031311011031231033230
3212103031222113331032320
3121323031332130311003002
0330230031310231322010220
2231300112201100011221122
0120020200213111223232000
2212203130202201230223010
3130023022323100321120332
1301231120201012312333100
2310102003310030103013132
1111213022311011322011212
1320302201311011221013120
3331320023020311033121132
0002312121131202000110022
2231021310212110201023312
3032101110002333221232032
2330111223120102310201320
0301332032022330220013310
0220221112101103123332322
3112202003333210000323320
3121303301211221322213230
0122212013302201223021312
1202121103221003331033122
0301013301310102112031200
0320201103220211332010310
0120331111323033033203222
2302311231121230103321310
2123200110020333031213010
1332113031022030210332330
2321311103013232011113112
1132300121312212300030002
3122331301311130201011300
0011001100101100000001110