21 14 14 25 24  4  3 12 23 15 12  2 20 22  6 19 12 11  9 23 11 20 24 10 16 25 19 13  8 30 20  3 17 16  5 14 17  8  1 13 12 24 18 30 22 28 20 17  1  5 16  4  9  4 24  5 29 15  3  4 25 13 10 22  6 12 15 30 14 16 10 21  9  6 14  9 23 23  6 23 12  3  8 17 24 19  8 10 24  1  5 28 28 14 29 30  8 26 12 27 
 3  1 30 24 17 27 29 24 19 30 12 28 29 19  2  8 13  5 22 15 30 22  3  6 20 19  2 18 15 26  1  5 13  5 29 17 28 25 28 19 22 24 24  9  7  2 11 23  9 21 24  1 25  3 15 23 18 22  7 10  9  5 14  6  1 17 10 23  8 13  2  4 17 18 30  3 18 23 15 20 13 10 23 21  1 25 14  9 14 29 21 16 15 11  6  7 13 19 23  4 
19 23 11 20  9 30  6  1 22 19 25 30  8  7 20 10  3  6 19  4 12  2 14 15  2 17 13 16 21  8 21  7  8 19 12  9  4  5 28 18 19 29  9 11 28 25  4 22 29  2  2 30 21 17 13 11  9 12 30  9 21 25 14  4 14 14 15 22 25 19 15  8  6 19 24 12 17 28  5 27 15 21  9  9  9  8 14 23  4 30  3 26 12 28 16 29 20 10 29  9 
19  6 17 10  1  2  1  8 17 11  9 25 23 27  4  5 16  2 24 27 10  2 24 22  3 26 29 18 22 14 29 29 21 22 22 29  8 14  2  6 30  6  6 12 30 26 21 27 14 20  7 25  4  6 10 25 28 14  2 21 17 21 18 15 23 17  2 28 15 17 23  9  5  1  9 16  1 27 26 19  6 20 21 17  1  9  9 25 25 17  2  1 11 25 27  3  3 25 21 14 
13  5 20 15  4 25 10  7  7 19  6 19 10 17  8 13 19 21 23 26  3 26  1  3 28  9 11 13 29  6  6 22 10 18  9 10 30 17 30  1 11 26 26  9 26 25 27 26 11 25  8  4  3  1 11  5  5  2 11 30 21 12  1  5 20 29 22  5 22  7 26 19 25  5 18 30 29  2 13 17  9  1  1 18 30 27 28  2 15 28  9 27 14 28  6 16 25 28  2  8 
16 27 10 15  6  4 14 13 25 21  5  6 22 26 11 26  1 20 18  8 30  2  2  1 23 24  1  6 11 20  8 20 11 15 28 30 16 27 28  4 22 27 16 25 30 14  8 22 14 22 19 20 25  3 23  3  8  4 17  8 25 24 14 17  2 17 14  2 18 11 16 26  9 15  2  4 29 28  5 27  6 14 23 27 21 12 12  2 19 11 10 22 11 24 18 23 14 20  1  1 
24 26 24 28 25 10  9  1 30 22  3 22 16  3 10 13 11  6  7 24 17 19 30 21 13  8 29  9 12 21 28 22 21 16 30  5 19  5  7  7 17  6 30 28 18  4 21  4  8 10 28 29 30  7 16 13  8  8 12 26  3 22 17 28 28 23  2 27 13  6 30 27  2 19  1  4 24 30  2 25 23 26 13 15  4 12 22 26 15 12 25 22 16  6 25 24 28 30 28 15 
30 28 25 27 29 18  5 27 20 13 20 17 27 17 18 27 14  6 29 22 27 24 19 12  2 12 28  7 15 24 26  2 14 22  4 13 21  9 18 16 13  1 20 22 21 14  6 25  1  4  2 28 10 27  9 28 23 23  7 13 12 15 21 20 14 26  9 30 20 21 13  8 19 17 26 22 18  2 10 27 24  7 30 11 29 17 25 10  9  6  6 14 18  7 20  3 18 15 16 11 
17 27  7  9  8 16 10 21 10 23  7 26 10  3 15 17 16 17  5 29  2 29  6 13 11 22 25 19  5 13 20 13 10 25 29 12 27 18  1 24 17  2 27 29  5 25 22 25 15 28  4 12 10 13 24 15 19 16 28 11  2 29  2 27  1 28 10 22 30  1  6 17  4 25  2 16  2 30  5  8 30 12 30 19 25 26 20 21 21 12  7 11 21 14 14 12 12  1  2 30 
15 13  6 10  4  4 13 10 13  2 28 12 17  5 18 14 12  7 15  6 28  8 13 25 18  6 17 18  7 24 24  1  3 17  4  7 10 28 26  2 23 26  1 13 30  1 11 29 11 25 27  8  1 22  8 10 21 24 11 24 13 13  5 14 11 27 14 25 21 28  2 26  7 19 22 28 25 26 28 22  7 28 10  4  1  5 30 23 17 14  1 16 12 11 18  3 18 26 14 10 
22  6 15 30 15 12 16 13 26 22  4 25  9 23 18  6  5 27  3 27  2 26 28 10  3  9 29 16 10  8 16 23  5 21 26  3 27 14 19  2 23 28 25 27  4 28 25 14  3  1  3 30  1  4  7  5 28 13  4 23 15  6  7 23 28 22 12 27 27  4 18  8 20 25 15 18 14 12  5  7  8 30 24 17 21  6  9 24 22 23 10 30 30 30 27 27 14 22 21 29 
 9 13 25  1  6 10 12 27 28 23 23 22 24 10  2 28  4  4 20 15 29 17 26 21 24 21  8 13 27 23 27 12 20 28 19 24  5 26 10 26 19 28 24 19 16  3 14 16  8 12 25 13 21  8 24  5 27 27 28 21 16 11 13 26 23 13  6 22 16  3 20  1  5 20 19 10 11 24 27 26 18 28  9  1 27 23 20 14 12  8  7 24 23 18 24 10 18 25  7  9 
 3 18 18 11  5 15 21  8  3 29 18 23 16 12 12  2 10 28 22 18 20 30 29  3 16 13 21 24  3 21 27 18 21 18 11 25  4 16 17 30 16 12 10  9  1 14  5 24 30 19 19 20 15 12 10  8 29 12  2 14 28 28 20 20 23 12 28 29 14  6 11 30 17 29 14 15 20 17 18 21 18 10 21 22  7 12 23  9  7 20  9 30 23 13 28  4 22 29 30  6 
28 17  4 10 20 25 11 27 28  2 27 12  7 17  5  7 11  8 16 16 27 25  8 15 22 15 29 15 29  1 15 16 23 25 18 16 11 12 16 18 16 13 27  9  7  1  6 15 27 25 18 23 13 24 17 18 30  4 15  1  2 16  3 18 10 20 16  6 20 26 29  2 30 15 11 18  8 14  3 14 28 10 25  3 26 29 22 29 25 30 18 30 19  6 15  9  3 10  3 10 
20 11  4 12  7 15 15 28  4 10 19 30  1 24 18  7 17 18  6  2 13 11  7 17  4 18  3  6 15  7 14 25  8 25 21 20 17  9  1  5 29  5 30 27 10 15  9 11 16 24  6  1  5 16 17  1  4 18 21  5 15 24 15 20  6 17 11  1 15 23  4 24 13 26 16 10 16  9 23 30 16 21 18 25 11 30  4 18 16 20 27 25 17 15 10 25  5  9 23 26 
12 29 28  4 20 23 14 14 17 15  5 24 26 28 22 22 19 11 10 28 23  5  2  8 16 12 13 24 21  5 27 22 30 27 27 26  9 24  7 11 10 23 26 17  4  1 10 29 19  1 10 17 24 28 24 27 19 23 21  1 21 10 29 26 17 26 16  9 22 13 29 19 22 25 14 11 11 10 24 21  3 11  4 30 28 28  8 19 14 17 21 12 12  5 21 25  2 28 15  5 
 3 25 28 28  2 19  3 24 18 30  3 14 21  5 10 17 21 16  2 16 11 30  2 20 29  7 27 23 20  9 27 21 11 15  5 23  5 26  4  9 19 30  6 25  5 12 22  1 26 23 13 29  6  9 29 14 15 23 11 30  5  5 20 18 21 23  8 11 13 15  1 13 29 23 20 13 28 14  8  4 19 20 18 11 19 15  4 10 10  3 19 12 22  4 19  6 19  8  3  3 
 4  9  8 18 15  7 30  5 16  4 15  2 19 16 15  6 13  8 18 26 12  3 11 15 29  1 15 29 26  1 23 13 22 18 12  4 25 18 12 14 10 21 27  3  4 18 21 12 29 19 19 26  8 12 28  3 26 26  3  6  9 24 10 12  9 26  2 28  1 26  7  7  4  3 21  3  5 21  8 16  4 11 11  1  2 30 21  9 29 21 21 13  4 11 17 19 13  3 26 30 
 8 18 22  1 21 16  1  6 16 14 13 25 26  5 17 16 27  7 29 12  4 20  3 29  8 19 23 16 16 18 16 10  6 26 28  2 10  4 27 29 14 22 27  6 20  4  1 22  8 22 20 28 29 16 24 18  6 12 19 21 16 11  2 21 23 17 28 20 30  2 30  9 12 10 16  5  6  6  6 19 25 19 20 15 24 15 30 12 19 10 29 29 19 19 24 26  3 25  9  2 
25 27 24  9 22 24 16 15 15 13  7 20 27 15 18  7 14  2  5 15 26 20 16 18 29 20 28  4  7  1  7  1  6  2 21  8 13 27 26 25 28 16 28  5 20 14  8  7 12  4 14  3 26 27  8  7 17  1 21 14  5  1 11 19 25 20  6 21 13 22  7 27  6  1 16 18 21 23 19  9 13 19 14 20 16 16 24 28 10 28 10 17 22 10 22 12 17 24  2 17 
21 13  2  4 26 12  7 12 27 30 19 22 27  6 30 13 24  4  6 20 17  2  2 10  9 17 17 18  5  6 10  2 20  6 19 14 12  8 29 27  1  5  5 20 23  2 10 22 30 17 18 17  8  6 17 11  1 15 29 22 26  3 18 11  4  4 30 11 29 10 24  4 30 16 11 17  2  4 23 24  4 28  4 13 20 29 12 28 16 30 20 18 25 11 26 10 14 18  6 20 
30  5 25 23 26 10 10 30 28 30 26 20  4 21 11  4 13  1  1 27 29 16  5  9  7  1  7 27  2 15 10  4  8 14 17 12  3 22 22 20 19 20 25 29 21 12 22 18 12 28 21  8  6 19  8 17 12  9 10  6 18  3 15 28  7 18 26 23 11 18 17  4 10 21 25 30 21  9  7 23 13 15  3 11 23 18 15  1  1  8 17 26 28  2  5 25 10  3  5 26 
10  4 22 30 28 14 16 10 27 14  4 19 10  8 30  3  8 29 26  1 24 18 26 11 10 29 15  9 23 23 27 23 30 24  6 26 26 26 23 13 16 17  4 30 30 19 19 22 22 15 16 22 20  1  3 20 26  7  6 29  6  4  6 19 18 27 10 17 10  7 13 17 24 20 28  3 29 20 13 14  3 17 20  9  1 10 11  3  3 21 11  3 21 26 15 21 15 22 26 17 
20  1  8 23 19  8 26 24 13 15 28 13 22  1 26 23 14 23 14  6 14  7 30 16 12 20 22 29  7 17 10 20  9 22 24 15 23 13 24 22 16 13 22 23 16 14 23 15 28 17 17 13 25 24  6 21 24 10 13 24  6 28 27  3 10 29 18 20 17 14 13 28 18  5 18 13 18 12  3  5 11 11 11  9  5 23  9 29 27 30 20 30 21 18  4  9 10  4 20 23 
16 14 13 22 19  4 27 30 15 26  2 11 28  8  1 30 17 20 30 21 23  5  6 18 10  8 27 17 12 17 30 22  5 23 30  4 14 27 28 16 15 12 13 12 16 18 24  6 26  5 26  2 30 15 14 20 30 11 23  5  2 14  3 21 15 15 15  5 19 28  9 16 22 14 11 28  1 23 10 22 28 25 14 28 10  2  4 17 28 16  7 28 22 27  7 26  2 25  2  2 
26 21 29 16 27 17 22 29 15 13 28  9 25 23  8 11 27 13 26 19  8 17 18  8 28 21  2 28  6 16 11 17 21 15 15 24 15  7 20 18 24 15  8  4  8  7 26 27 23 21 19 10 15 17 23 23 13 12 21  1  3 14  7 28  5 28  8 12  3  1 11 13 29 28 22 21  9 16 28 12  6 26 19  5 15 19 20 14 10 14 17 19  9 19 18  1 19 12  3 26 
 5 11 10 26  6  2 16  9 28 11 24 21 27 29 19 22  5 30 17 14 29  9 19 28 13 21  9 13 11  1  9 18 17 23 12 23 18 20 19 11  2 10 17 13 30 22 24 17  7 18  4 30 15 26  3 16 18 23 22 29  3  9  5 22  5 18 17 13 10 23 25 17 14 25 30 18 21 29 24 25 10  6 27 12  5  7  7  2  2 17 25 16 10 19  1 16  8 21 29  3 
 6 20  6 18 20 11  8 30 27 16  1 28 12  5 26 12 23 12  7 22  5  2 26  5  3 16  6 22  7 19 28 11  9  6  5 30 11  4  5 18 26  7 26  8  8  3 30 21 28 30 20  1 15 27 20 11 15 27 20  7 26 26 14 13 17 15 30 10 11 16 30 14 14  9 10 13 28  9  1 25  1  6 19 28 14 20 23 15  7 20 18  1 25  7 14  3 11 10  4  9 
11 23  1  9  4  5 11 20 26  1  9 23  9  7  3 22  2 17 17  4 13 24 11 18 24  9  8  6 26 12 10 26 16 12 28 21 17  5  7 28 25 15 15  3 14 26 14 27 28 26  2 12  4 30 11 23 25 16  2  5  5 30 20 20 20 13 22 26 13 21 27 13 26 15 29 14  7 13 27 11  1  2 27 18 17  9 25 16  1  7  9 14 10 14 10 18 30 16 16 18 
14 16 16  6 15 17 27 20  8 23 30 14 25 23  2 19 26 16  5 23 20 16 19  7 21  6 24  2 21 28 27 19  9 26  9 10 19  3 15 25 29 18  8 25 24 28  4 27 25 21 11 20 17 16 25  9 18 17  5 30  5  7 14 25 27  2  9 29 12 26 23 29 25 11  5  7 27  1  4 21 16 28 13 18 13 17 17 21 10 10  8  4  9 11  8  6  8  4 25 10 
17 10  2 14 20 19 16 23 13 17 15 25 20 29 30 27  1  2  2  9 25  4 17  2  8 27  1 25  6 19  6 11 25  8 13 19 13 22  7 30 19 29 13 12 29  6 10  6 13  8 27 28 26 12 12  8 16 12 22  7 11 26 16  4  2 12 11  3  1 14 10 22 26 12 10 18 21 15 26  8 23 30 16 23 18 24 10  2 24 18 24 26 26  1  5  1 23  3  1  2 
 2  7 12  3 19 21  2  7 13 23 27 23 19 22  8  6 12  9  5 13 15 20 22 26 25 19 10 20 19 11 16 16 23 12 26 14 16 28 21 21 22  2 10 12 15  3  5 26 17  9 15  6 30 22 24 17  4 22  8  2 30 17 12  8 13 16 25  7 18 13  9 27 12 18  5  7 24 15 22 25 20 11 17 26 16 11 23 22 23 18 20  3 25 27 28 17 16  1 18 29 
 2 17 11 27 29  7  2  4  1 22 21 25  7  5 20 30 12 21  2  9  3 14 17 17 12 27 14  9  5  5 19 23 20 13 11 14 13 16 15 15 26 27 30 28 10 11 16 21 27  4  2 29 20  1 12  3 26  6 24  8 14  6 21 20  9 17 28 12 24 30 24 25 18  3  5 13  5 26 14 23 22 29 25 18 29  9 27 21  8  8 20 12 10 20 14 11  1 14 22 14 
20 21  8 20 13 24 29 20  9 14  1 21 16 14 18 25 16  9 18 27 30  2 23 13  3 18 19 14 21  8  4 15 25 28 14 12 11 19 29 23 11 22 26 28 22 30 19 26  8  2 27 20  5 19  9 15 29 23 28 30  5 20 30 11  6  4 29 14  8  1 13 14 12 18 30  2 26 20 18 27  4  7 25 25 19  9  4 30 11 26  5  4 14 30  9  5  3 22 18 26 
22 23 14 22 29  1 25  4 26  9 27  2 10 23  1  5  7 26 12 18  4 19  7  3 22 26  4  8 29  7  8 24  3  5  1 30  1 30 25 14 22  1 25  8  3  5 26 13 17 27  8 10 10 16  1 27 16 30 29 10 14 28  1 14  7 23  6  6  8  9 15 15 16 14 24  4 17 28 25 11  9 10 13  7  2 16  4 26  5 26 27  4 22 23  3  8 28 23 26 14 
20  1 24  9 21  2 27  3 29  3  4  4  8 17 26 27 26 25 27 18 29  9 14 29  6 30 22 16 17 27 22 10 26 15 22 14  6 19 26 22 20 24  5 10 30 15  6 21 30 24 11 12 28 22 27 14 10 21 15  7  2  8  5 25 19 15 22 14 15 17  2 19  1 24  4  2 17 26 17 23  7 26 16  3  5  7  4  2 19 25 23 27  4 22 11 18  3 10 26 14 
25  6  9 26 24  5 15  1 21 23 22 14 18  7 28 17 17  8 13 25 16 29 22 16  3 18 13  8  9 20 22 24  2 10 21  8  5 22 20  3 24 10  4 27 13 28 14  4 12  5  4 28 21 19 22 12  9  5 21  3 30  3  5  4 29 20 23  3 23 22  4  5  5 29 17 24 13 11 12 28 20 22  8  1 25  3  4  3 16  2 29 16  3 23 16 12 28 13 18 27 
 2 21 11  2 19 19 25 22 29 27 21 22 27 17  1  2 15  1 22 26  2 26 28 29  1  8 10  4  1 12 29 22 27  3 25 26 12 14 30 29  5 21  6  1 11 10 25 12 19  9  8  6  9 26 17 19 23 29 11 15 24 25 12 11 23 18  4 24  9 29  8 30  8  5 17  4 25 25  4  4 23  7 11 25 18 24  5 11 17 25  3 15 18 29 11 20 17 21  9 26 
22 21 24 27  6 17 10 29 29 13  4 10 15  9 21 22 29  3 10  4 27  8 21 25 12 26 24  5 22 10 16 16 22 15 30 13 27  4 30 21 23 21  8 11 30 10  1  1 22 11 29 12  2 23  1 16 17 29 15 19 10 18 12 24  2 13 28 20  6  6  2  7 28 24 22 22 15  5  1 25 18 23 29  3 12 15 26 13 29  7 18 23 19 27 21 16 19 18 17 11 
 5 13 16  2  4 22 15 30  3 16 30  7 16 25 24 12  3  8 21  4 26 11 24 22  5 19 12 20 19 24 18 18 13  4  1 18 14  7 13 27  3 13  4 25  5 29 26 19  3 20 21 26  6 10 21  8  6 27 23  5 26 27 18 21 21  4  4 11 27  1 24 23  6  7  8  3  6 13 27 20  7 29 20 26  9 17 17 20 18  6  3 25 19 25 16 13  9 14 20 29 
 9 18  7 16  6 14  3 13  9 27 22 20 21  2 30 30  2 28 16  4 13 10 15 23  2 26  8  5 20  3 15 21  9 27  2 16 24 12 16 29  8  2  2 11 10  8 13 28 10  6  7 12 14 12 30 20 17 20 24  3 10 23 16 22  7 21  6 26 24 29  7 23  3  5 26 29 15  1 20 30 14 21  7  1 26  4  5  8 28 10 16 21 30  3 25 24 27 23  4  5 
 8  6 27 18 26 21 14 25 26 20  3 18 13 13 16 26 12 16 22 21 24 27 13  1  2 22 19 18 27 22 30 16  6 17 19 15 15 28 21 19 10  4 22  3 27  1  3 23 19 19 27 12 13 25 13 27  7 26 16 18 12 24  4 26 10  4 11  2 21  9 30 21 22 19  5 27 23 12 17  8 26 17  2  3 24 30  2 12 12 24 16  6 17  4 13 16  7 17 11 27 
16 30 25  4 11 10 26  4  8 10 29 23 14  1 24  2 23 24  3 26 18 12  3 21 10  8 12 27 20 11 22 16 10 29 11 12  3  6  5  8 26 19  3  1 25 30 11 24 12 12 18 15 24 21 27  6 28 19 28  1 13 29 15 21 22 24 30 28 20 18 19  3 20 17 22  8  3  1 28 27 13 20 16  5  5 21 30 18  4 25 21 15  3  9 10 24 16 23 25 21 
28 10  5 27  9  9 14 13 29  1  7 12 22  3 16  7 20 11 28 11 24 12 14 25 12 22 28 22  2  2  8 29 10 13 16 27 15 13 19  1 27 18 12  9  7  8 15  7 27 11 23  6 24 26  7 15 16  5 16 14 11  6 18  3 18  8 12 15  9  3 25  2 28 22 10  5  4 13  2 14  7 27 28 10  5 25  4 21 14 23 19 10 27 15 29 20 11 16 20 25 
30 23 15 18 29 18 28  1  5 13 24 14  4 18 16  1  9 18 18  3  4 24  4 16 11 19 12 19 21  3 28 24  8  3 23  3  1 22  7 12 20  2 22 29 25 13 24 27 30 29  3 14  3 17 10  4 23 30 14 10  8 17 10 27  7 23 16  4 13  9  1 17 21 13  1 30  5 22 13 29 23 29  7 17 10  9 29  5 22 17 11 19 29  2 17 16 20 21 19 30 
 2  5 30 11 20 20  6  2  1  4 26 30  9  2  9  3  9 12  1 29 27 25 15 28 22 17  6 19 15  9  5 24 14 17 27 28  5 15  9 11  1 17 27  8 27  2 26  2  8 23 23 10 19  9 18 19 26 30  6 10  4 23 22 27 13  2 25  5 22  4  2 12 16 13  4 26 19 19 14  3 22  2 22 22 11  1 20 14 12  1 14 25  2  6 19  6  5 27 12 26 
12 17 22  4 21 19 24 16  2  4 25 22 24 18  8 22  4 13 20 12 30  3 11 13 28 17 19 26 12 29  7 25 23 23 24  4 30 13 13  3  7 25  3  4  1 19 12 17 30 21 13 30  8 30 29  6 23  1 26  8  1  7 21 21 22 27 15  2 28 16  3 25 24 29  4 30  3 18  3 15 13  7  4  3 16  2 23  8 30 21 10 23  2 10 20  9 11  2 21 18 
 2  7 26  2 19 21  9 19 29 17 23 23 19  2 16 22  2  6 24  7 19  2 21 27 28 25 15  6 15  9 28  7 19 13  6 20  8 30 26 17 25 24  9 30 12  7 30  9  9  3 17 18 10 22 11 24  7  5 16  6 14 12 20  1  6 28  3 13 22  6 14 24  8  9 29  4  5 29  1  7 26  9 11 14 26 24 11 23 30 11 18 28  8 22  8 12  1 19  7  2 
 3 28  5 23  6 29 22  4  8 23  9  2 26 26  9  5  4  1  9 22  3 18 15 29 23  7 18 17 20 30 24 20 16  4  3 14 24  1  2 18 21 25  7 26  4  5 13  9 28 12 17 19 18 20 24  8  7 11 22  7  9 19 27 30  1  1 13 28 22 18 25 28 21 20 18 22  6  3  5 14  7 24 22 16  6  9 15 16 24 16  9 11 20 20 11 25 17  2 17 16 
18 26 18 12  2 26 12 19 29 16 13 20  9 27  8 15  1  1 14  5  1 12 15  8 10 12  8 21 23 23 29 27 28 26  4 20  8 15  4 24 23 22 17 23 12 15 17 15 13 13  6  4 12 22  7  8 13 12  4 16  9 14 22 24 27  9 27  9 19 25  8 13  4  7 11 23  8  8 29  8  5  5 17 30  5  8 18 23 24 15  8 30 12  9 19 19  7 16 17 21 
16 12 27 11 12 25 14 27 29 29 18 11  7 26 27 14  7 11 22 14 29 16  7  8 20  8 12  8  3  6  5 12 24  3  5 13 25  4  7 18 11 25 20 12 14 23 23 20  5 22 27 15 30 30 17 25 22 27 23 28 26 28 19 22  9 22 14 11  4 23 18 25 24  3  4 10 21 20 13 19  2 10 17  1  3  1  5  4 23 26 19 14  8  1  6 23 10 19  4  9 
11  8 17 21 14 13 14 25 12 27 10  6  4 19 28 13 14 14 15 14  5 25 28 11 23  9 17 15 12 13 18 27  8 28 25 26 12 29 11 21 14 22 13 15  3 30 13  6 17 20 17 24 23  2 12 10 29 15  5 27 26 22 29 18 19 24 15 25 14  4 20 20 13 13  8 19 12  4 17  2  3 28 24 14 15 18 28 11  1  8 21  9 21 22 30 30  7 21 28 28 
21 19 17 25 14 14 11 10 28  2 21 20 29 30 10 15  4 25 15 20  1 25 25 14 29 28 13 22 10 18 26 17 29  5 27  9  5  2  8 18  9 27 21 11 12  6 25 20 30 21 23 13 17  6 17 16 17  6 26  5  6  7 12 27  6 24 13 12 25  5  7  6 19  4 24 16 19 11  9 15 29 18 18 20  9  6 25  8 10 17 15 28  4 27 12  4 27 16 14  8 
20  3 21 14 22  3 29  5 12 21  9 18 11 30 18 21 29 15 14  2 24  9  9 19 28 19 25 29 22 14  7  3 10  1 12 12  9 27 28 29 11 10 13 29 15 12  1 18  1 21 28 12 10 21 12  3  1 15 23  9 29  7 15  6 28 22  6 26 24 17 15 18  9 20 12 26 25  9 20 26  5  1  4 12  6 26  4 28 22  7  1 28 20 14  1  6 28 27 30 16 
29 13  3 10 24 13 18 20  6 20 20 10 16 24  7 10 23 30  5 20 13  8 10 29  4 21 16  1 28 21 17 30  9 19  8 27 16 11 12 20  6 23 10  7  1  4 25 19 27  7 10  8 21 24 24  5 27 11 15  7  3 17 19 22 30 29 19 27 19 21 11  9 11 29  2 25 26 26  5 23 28 22 28 22 22 21  1 14 15 26 27 24 28  7  5 26 17 10 17  9 
14  1  6  9  5 20  9 26  1  5 23 10  7 18 21 30 24 25  1 15 21  3 15 15 23  5 11 11 17 19  8 20 14 18 24 20  4 23 29  4  9  2  5  6 29  6  2 25 10 12 26 16  8 10  3  4 19  8 18 10 15  1 16  2 19 16 30 27 27 28  6  6 19 27 13  6 30 23 11 30  7  5  3 28  6  9 21  9  7 23  2 14  1  4  2  1 25 19 19 20 
26  6  9 15 20  6 12 24 10 21 29 30 15  2 11 11 11  3 25 29 23 16 18 19  5 27  9  5 15 21 19 20  4 20 21 25 12 11 20 19 18 20 27  4  4  4  5  1 21 14 14  7  2 27 29  3  9 28 25 15  3 23  3  6 24 12  2  6 30 28 15  5 24 18  6 15 21 27 10 25 20 18 24  2  1  9 20  6  1 25  5  4 17  7 29 30  3 20 15  9 
 7 27 10  4 26 27 16 27 30  9 10 24 26 15 25 21 17 22 16  5 22 17  7 29 22 16 10 25 16 10 29 29 19 25  1 25 30 23  3  1 14 16  4 22  1 13  1 18  6  1 26  7 13 28 16  9 20  2 25 22  8 19 18 25  9  5 15  8 12 20 20  8  3 10 17  2 19 26 26  5 25 18 15 10 15 26 29 12  3 25 19  7 26  3 16 27  3 30  5  6 
29 30 19 11 13  9 28 11  6 20 21 27 14 15 22  4 14  4  5 20 26 24 17  5  5 11 21 27 19 12 25  9  9  7 11 18 10 15 18 11 11  9  4 14 19 20 18 16 17  7  8 15 20  1 14 18 17  9  9 22 16 21 15  5 10 16  1 11 14 28 17 21 29 26 13  7 30 24  9 21 16  7 21  5 16 23 25  2 26 11  5  1 11  3 27  5  5 29 20  6 
20 22 16  1 25 10 20 13 30  9 23 19  5 20  3 24  3 26 26  7  7 13 25  6 29 15 19 25 22 28  2 25  7 27 12 29 23 22  6 19  4 21  4 28 29 28  4 29 22 30  6  7 11 14 24  6  6 16 12 12 23 15  2 16  9 24 23  3  6 22 20 12 11 15 27 23 26  3  8  6 12 29 29 18  2 14 13  5 20  2  7 23 19  8  7 19 18 14  4 14 
28 11 27 30 24 27 23  4 29 24 19 17 16  7 26 19 20 16  1  3 13 11 23  8 22  1  2 14 19  3 15  5 27 14 28  9  4  1 28 26  9 21 15 13 17 16 27  7  8  5 28 25 19  2 20 11 28 20 19 13  9 24 27 10 30  9 17  8 30 11 17 24 14 25  9 26 29 14 28 22 29 29 14 30 22 17  8 23 16 16 21  1  1  3  6  9 20 29  3  9 
14 27  9 18  3 17 20 22  7 30  9 30  2  9 18 28 29 22  2  3 23 13 16 30 26 21 21 25 22 15  4 29 27  7 10 23 15  8  9  2 22  1 23  5  3  4 13 10  1 13 11  1  3 19 25 30 27 28 10 27  4 15 17 27 12 17 13 15  6  2 29  5 13  8 13 21  9 18 21  9 12 13 25 11 11 10 11  8 12 14  6 25 22 17  5 19 12 25 23 26 
25 23 27 10  6 28 30  3  9 20 14 28 28  2 16 30 23 14 26 23 18  2 23 16 28 23 20 26 22 17 16 23 22 13 14  3  7  9 21 30  2 24  2  6 29 11 26 19 28 12 14 18 14  8  9 15 25 13  6 23  5  8 25 30 16 24 20 12 11 12 30  2 12 17 24 15  5  1 11 22 30 15  4  6 20  8  7 20 14 30 14 26 12  4  9  8  5 21  8 29 
11 13 26 14 18 13 25  2  4 17  2 28  6 20 10 11  6  2 19 14  3  7 17 14 21 21 11  6  7 23 20  9  7 26 30  1 18 25  9 24 25 19 18 26  2 27 20 10  3 12  6  4  6  1  5 15 20 10  1 27 12 17 21 18 18  3 26 27 24 21 11 27  2 13 23 24 11  9 28  4 30 30 22 21  9  2 12 22 15 29 22 17 29  8  5 26 19 26 30 11 
 8 27 11 12  7  8 29 25 17  4 29 29 21 13 19 24 11 19 22 27 21  7 29 19 29 15 16 24 25 13 28 16 24 17 13  2 11  5  5 19 13 12 13 22 10 15 10 13 18  6  8 21 18 22 17  2 19 18 30 22 18 20  4 12 28 21 18 26 28 12  1 17 27  1  6 26 26 23 17 27 13 10  3  6  4 25 10 16 21 26  5 28 30 19  2 29  9 21 21 17 
25  3 25 22 25 17 19 29  2  1  6 15 19 20  5  2 13  2  2 12 24 29 21  1 17 18 14 27 17 13 17  8  8 16  5 23  9 10 24  2  1  3 29 27  4 22 27 12 28  8  5 18 30 23 12  9 15  3 17 27 21  1 29  3 26 25 14 15 18 29  2 19 14 16 11  4 23 10  4 23  8  3 20  5 18 14 28 14 16 10  1 22 25 17  9 25 21 15  9 20 
15  6 30 12 17 21  5 24 20 24 10 13  4 18 19 25 18 10 28  2 24 25 25 22  7 13 12 26  7 20 14 24 26 23 18 17 15  4 19  7  7 18 20 12 16 10 12 26 22 29  8 20 28  4 29  4 18  1  3 15 21  6 12  7 28 14 14 26  7 28 23 24  2 15  1 15 25  5 10 20 11 20 25 13 20 17 22 27  4 24 24 30  2  3  4  8 23  8 23 22 
 9 13 20  5 23  1 20 15 26 24  8 21 10  4 19  5 11  6 22 20 10 26 11 17  8 14 11 11  5 16 11 24 14  1  8  6  9 24 13 11 15 14  5 15 29  7 20 22  2 15  7  6  6 26 30 24 21 14 15 25  8 12  1 28 29 25  9 14 13  2 10  3 20  2 11  2  4 10 29 21 28 23  5 30  5  1  8  5  7 16  4 11 14 21  1 11 25 15  9 23 
22  5  4 19 18 22 28 12 24 30 11  6  4  8 15 14 19  7  2 29 15 15  2  6 22 29 18  9 20  4 17  9 11  7 19 23  3 18 20 22  5 23  4  5  4 16  1 23 29 26 12  9 27 23 12  7 29 24 26 28 25  9 28 28  3 16 20 21  8 17  2 29 28 17 15 18 13  5 19  4 29 25 17 14 30 10 11 20 13  8  2  7  4 15  5 11 15 16 20  6 
24 27 25 10 25 27  3 21 11 12 22 20 24 28 14 27 18  7 11 16 18 11 21 20  7 29  7 17  2 10 21 12  1 25  9 14 15  3 25 26 22 21 13  5 24 19 25 26 24 23  5 19 30  2 14  2  8  8  7 15 23  7 29  5 11 16 16 15  4 26 16 24 14 22 29 25  9  1 18 20 10 24 28 16  7 23  8  4  5 18 19  7 19 13 17 14 21 30  2 10 
11  4 27 25 16 19 11  1  5 23 13 14 14  3 10  9 22 10 19 27 28 24 22 25 20 11 12  9 19 29  4 24 22  4 17  4 13 11  2  4  1  9 17 14 26  6  8 24 16 12 12  1 10  9 15 10 17 22  1 10 30 12  9 17 19 14  3  3 14 11  7 26 19 25 29  6  8 23 17  7 19 11 17 10 19  7 11 10  3 24 12 22 13 13 23  7 19 28 11 12 
21 28 27 29 18 27  1 10 15  7  6  3 20 20  8 22  8 23 25  6  1  8  1  9  5  9 20  7 16 30 30  3 15 19  7 30 28 27 20 19  3  7 22  1 23 10 11  4 24 25 24 15 25 24  1  7 28 26 24 23  3 26 25 27 16 28 11  4 16 11 10 14 22 23  2 27  6 24 20  4 14  4 18 16 29  1  4  5 29 10  2 23 23 21 25  2 22 23  2  3 
21  9  9  8 26  9  5 28 24 26 13 16 14 18 23 29 12 13  2 17 24 26 16  2  9 15  8 18  1  6 14 24 11 15 18 24 24 29 28 17 11 12  7 25 21 29 13  3  3 14  3 27 23 29 13 16 11 12  5 14 18 17 19 10  7  9 25  5  4 29 30 25 11 24 23 18 29 11 15 23 19 27  4 18 21 19 19  4 30  9 30 22 25 11 18  7  2 26 30 30 
13 30 15 12  4 13 25 18 18  3 24 19 21  8  4  5  4 20  6  6 24 12 23  1 21 30 28 30 22 12 20 16 11  6 28 25 17 30  4  5  3 16 22  5 27 11 24  5 11  8 26 23 18 19 13 27 15 11 30 23 14 28 12  7 11  3 18 28  7 24 15  6  8 30  5 28  5  6 17 11 19  3  2 20 19  3 12 27 29 30 28  7  6 15 19 27 14 12  9 14 
29 26 28 25  8  3  4  2 18  6 21 22 27  8  7 25 14 14  2  3 11 30 17 20  2  2  5 18 30 11 20 10 28 30 29 29 18 16 16 11 15 11 23 30 14 25 30  5 21 10 18 27 30 11 21  2 17  8 30 23  4  1 24 15  6 16 20  2 20 30 20 21 14 13 30 24 24 20 14  4  2 30  8 11  3 18 18 23 24 24 16  6 16 26 15  8 30 14 18  8 
26 29 23  9  9 20  9 26 23  9 19 15 23 11 27 28  3 10 13 27  7 12  5 19  8 27 21 28 28 18 20 13  9 27 18  3 15 17  2  4  1 30 18 24  9 11  3  6 16 22  6 18 22 25 23 20 13  8  2 23 25 21 13  5 29  1 14 18  8  1 16  1 11 27  8 24  2 29  6  4 15 19 25  3  1  8  1 15  4 23  8  8 29 22 15 21 14  9  6 28 
 1 26 22  4 27  9 15 17 25 26 20 21  4  1 27 12 26  9 23 28  3  8 11 29  7 12 16  9  7 19 13 17  6 14 19  1  8 24 20 28  7 19 26 17 23 10 26  7 19  4 18  3 17 27 27 14  2 12 20  2  5 29 20  9 11 30 22 11  1 19 25 15  6 16  1  4 26 28 15  6 20  3 14  3 15  9 27 29 29 19 21 25 17  3 17 30 13  5  9 29 
19 22  3 14 20 16 21  6 24 10 20 13  6  7 28 18  7 24 22 11 21  4 29  2 20 30  6 23  2  7 28 22 29 30 17 10 26 21 19 26  7 30 30  9 14 22 13  1  9 17  9  4 20 20 11 14 19 20  1  8 26  3 20 29 15 26  6  9  5 18 20  9  6 22 30 17  3  6  5  6 17  6  4 22  3 28 15 20  7  5 25 12  7 21 25 12  5 23  2  9 
11 16  3 16 26  8 26  4 26  8 12 18  1 15 18 25  5  4  2  6 29 12 11 22 11 16 21 17  6 11  6  3 27  5 29  2  9  4  9 17  9 20  9  8  5 14 10 26  2 25  3  4  3 30 21 18 17 17 15 19  2  5 12 11 26  4 15  3  8 29 26 27 14  3  4 19 21 19 10 24 12 13  7 19 17 14 24  4  6  1 15 21 28 26 15 10 15  6 25 28 
17  5 13 22 14 22 20 12 30 20 24 20 10 22 16 19 29  7  9 20 11  1 25 21  6 18 13 12 19  3 16  3  8  5 10  4  3  5 28  5 13 10 11 23 11 13 14 14 27  6  1 30 27  5 25 18 24  3  9 23 10  6 18 11 29  1  1 11 23 19  6 28 24 23 28  2  2 25 29 21 22  9 26  9 24  4 28 16 19 22 30  1 17 16  5  4 29 23  7 24 
27 11 28  3 11 14 30  1 14  4 18  8 30 27 13 17  6  2  6  3 14 29 28 24 19 26 15 13  5 13 12 24 30  5 11 28 27  7  4 16  7 10 12  2 29 12  1 18 24 30 14 30 25 23 29  3 19 13 28 17 17 15 24  8 30 22 12 27 13  1 25  2  8 23 24  6 10  5 30 25 18  6 11 16 11 23  8 26 27 11 14 16  3  4  3 27  8  1  8 20 
16  6 21 29 20 12 13  8 12 13 15 21  6 21 20 14  3 24  9  4 12 21  1 28 12 11 26 25  3 26 12 20  3 14 13 24 14 26 27  2 24 17 20 20 18  5 17  3  3  7 17 29  4 20  3  2  9 22 28  6 21  7 13  1 24  6 16  7 13 26  3 24 28  9 24  2  7  5  3 15  6 22 29  8 15 27 30 30 30  7  9 25  4  5  4  7 25 16  2 22 
12 14 20 28 13 12 26  8  1 16  3  2  1 17 22 22  7 27 15 20 29 18  5 13 24  5  9 30  9 20 15 15  3 14  8 22 15 12  3 23 10 18  1 22  2 26 18 10 18 26 21 10 14  9 13  7 13  2 10 18 25 13 24 27  2 17 19 21 14 28 22 21 21 13  5 25  3  7 11 18 14 26 29 22  9 11 28 28  1 20 25  5 16 23 22  8 16 25 11 24 
 5 28 14 24 25 23  7  5 16 28 13 24 12  8 13 14 23 15 19 29 21  4  8 29  6 26 19 14 17 21  8 11 12  2  3 17  4  9  1 14  5  9  8 30 20 14 15  8 13  7 13  8 13 15 22 11 12 10 20 21 19  3 28 25 15 21 13  2 18 30 16 26  3 12  6 13  9 14 27 15 16  4 28 14 14 13 17 20 27 26 11 13  5 23 15 10  7 15 17 25 
12 19 27 19 15 10 18 11  4 20 21  8 12 27 19 18  5 26 16 26 18  6  8 15 19 15 17 21  3 12 16 14 25 16  6 27 19  1 13 30  5 17  4 28  9 10  3 29 19 13  3 19  9 23 22 23 12 15 16 19  9 12  4 24 23 15 17  8 25  6 21 30 20 18 15 14  8 26  4 14  1  8  6  7 26  1 14  4 21 23 30 26 10 13  3 18 28  3 10 26 
23 14 16 23 27 12  7 25 23 30 14 24 27 15  4  2  8 14 14 29 26 30 15 21 15 25 21 30  3  6 20  8 29 29  7 26 15 28 10 11 29 18  5 19 10 10  1  6  7 16  9 14  9 28 20  1 12 12  5  4  5  6 27  5 17 14  4 24 11 30 30 23  2 11 14 25  4 20 30 13  6 18 17  9 19 17  4 17 16 13  6  7 18 23  1 26 14  2 22  8 
16  3 18 20 13 28 18  4 26 24 22  9 19  1 10 26  1 17  9 24 23 25  9 25 17 19 25  1 13 15 11 22  1 25 15  1 24 17 13 14  2 23 27 28  2 12  9 22 14 30 16 14  9 27 14  4 14 26 14  3  4 20 12 21 26 29 21  2 21  3 19 10 24 25 28 25  7 13 18 25  6 14 13 18 27 19 26  1 17  9  3 27  6 11 25  5 11  7 16 11 
10 26  2 22 27 10 16 19 12 15 27 16 17  5 15 26 17  7 27 25  9 13 25 22  9 10  1 12 16  5  8 26 12 10 14 16  6 19  2  8 27  5  3 15  5 17 21 13 12 15  3 12 26  3  5 23 29 18  3 14  9 18  5  4 26 20  8  6 20 22 11 18  5  6  3 16 11 15 21  4  2 14 10 24 27  4 29  8 24  3 26  7 11  4 28 19 28  1 30 17 
 5 26 21  9 30 29 18 27 26  8 15 12 22 22  5 22 24 14 28 26 22 27 24 24 16 17  9  7 11 17 30  3 11 21  2 21  3 13 15  9 15 30 15 14  6 11 29  2  4 24  1 23 17 10 26  1  8  9  3 24 19 20  2 16 14 10  7  3 12 10 25 12  4  2 27 21  5 26 13  7 16  5  5  7 26 19 12 27 10 12 28  6 30  6 30 11 12  4 22 12 
10 21 16  2 13 23 23  8 19  9  2  8 20 13  6 28  2 28  9 13 15 12 12  5 24 24 17 21 30 14 27  5 29  2  5 15 25 10 29  1 22  4 19  5 16 14  7  3 22 30  4  1 21 12 19 27 18  9 29 18 30 29 13 13  8 20 30 21 12  5 20 28 24 22 16  2 25 22  9 22 16 13 14  1 22 30  8 23 12 16 23 14 22 18  4  8 23  3  8 18 
16 19 15 16 27  5  7 18 12  6 18  9 28 26 11 25  2 11 19  5  6 22 16 10 26 20 29  4 22 14 26  5 29  6  8 14 23 19 25  3 20  4 14 15  9 29 16  4 19 24  2 11 21 19 19 30  6 27  3 19 17  2 16 30 29 13  6  7  1 30 17 19 29 28  9 16  2  5 21  6 11 25 13 25  2 13 21 20  9 29  4  7  1 19  7 27  3 15  5 15 
20  2  6 26 30 26  6  4 27 13  4 29 20  9 29 25  2 18 28 10  3 23  9  2  9 23 20 27  4 22 11 23 30  7 30 24  2 26 10 12 30 28 10  5 23  2 30  4 15 30 15 19 19 10 11  1  1 15 26 14 21 24  5 28 11 22 23 19  8 12 20 15 10  8 27 23 21  5  6  2  5 27  8 18 22 14 23 24 22 18 29 22  5 16 19  5  1 30 11 26 
27  1 22 24 19 30 10 21 10  1 30  5 19  7 18  8 11 28  3  7 29 16 23  5  3 26 12 22 25 25  2 14 29 24  3  6 15 21  6  1 14  4 25 25  6  1 14 27 22 18  6  1  8  7  8 25  6 14 23 15 17 15  3 29 28 10 16  1  4  5  2 25 30 18  8  4 20  6  9  8 14 12 30  3  1  5 27  8  1 19 12  4 19 28  6 13  2 14 14  2 
10 24  7  7 25  2 15 13  4 29 26  9 15 17 30 16 11 12 28 24 14 30  7  7  8 12 27  4 14 14 20 28 26  8 30 27 13 28  8 23  3  7 30  1 10 19  2  6 26  8 13 18  5  9 16 26 16 28 17 18  9 22 10  2 12 24 18 26 21  2 25 25  3 27 17 15  2 16 11 20 29 21  9 21 19  8 15 25  3 16  9  9 23  9 23 29 24 20 15  2 
19 17 11 19 15 15 19 15 27 29 25 12 16 16  9 29 18 22  7 10 28 11 27 22  8  3 18 30  2 25 22 22 15 19 10 22 18 19  3 10 15  3 22 20  2 12  9  5 26 10 30 18  5 12  4 19 23 17 12 23  2 30  3 19 20 20 13  9 13 24 21 13 11 17 26 20  8 20 15 22 15 13 17 20 17  4  8 25  5 14  1 10 26 19 30 18 12  7  3 10 
 5 25 10 20  5 16 29 29  6 18 17  2 28 11 20  3 14 18 28 28  2 11 19 13  7 15  7 17  3 24 12 18  3 16 25  3 10 19 21  6 14  2  2 25  7  1 20 18  8  8  2 20  4 30 10  7 23 30  3 15  1 12 19 23  9 25 14 10 18  3  8 17 13  4 19 29  2 27  1 22  9 22 21 30 30 11 17  3 28 16 23 18 28 21 26 22 10 30  7  5 
25  8 13  1  9  3 19 23 11 24 29 11 23 22  1  3 13  6 10 12 11 25 20 19 11 21  1 23 13  1 24 18 18 16  4 13 16 29 18 26 24 27 29 27  9  6 28  9  6 13 17 10  7 15 15  5 26  6  8 20 22  2  1 20 17 18 29 21 12  2 23 28 28 17 30 23 25  7 18  5  4 22 21 23  3 14 27 16  8 17  2 11  8 10  6 24 20  5  9 27 
 6 16  8  8 21 25 21 26 15 25 11 19  7 23  2 20 14 19  4  6  3  1 19 19 20 25 11  3  1 16 10 11 29 12 23 14 12 27  7 11 11  4 24 11 23 30 12 14  8 21  2 26  3 13  1 15  8 18 27 19 21  1 25 28  9 12 30  8  4  3 26 17 18 22 27  3 11 19 28  8 20 16 30  6 24 24  2  1  2  9 24 30  1 24 11  2 10 18  5 20 
18  2 12  6 13  3  9 22  4  2 28  2 12  1 15 13 10 23 29 19  5 18  2 14  5 20 22 13 16 21 24  9 16 23 22 20 21 13 24 29 13  7 15  9  3 28 15  4  1 17  4  7  3 16 10 24 26 29  6 12 18 21  3 28 18 22 20  1  3 28  5 18 20 13 19  6 25 27 26  6  2  8 23 28  1 19 27  9  1  9 28 19 11 19 16 15 19 13  4  3 
19 13  7 17 14 14 30  1 25 20  7 15  2 22  7 30  4 27  3  5  6 29 18 28 19 11  8 26 20  6 21 16  7 19 12 21 29 26 27 25 25  1 16 21 14 13 28  2  1 27 12 16 14 19 22 17 19 18  2  3  4 28 14  4 21  6 13 24  4 29 14  3 15 20  3 24 30 21  1 22  3 10  6 17  7 26 18 22 15 17  4 10  5 28 18 22 20 30 22 18 
