211111323220103120300230322212
101110321331001112332310301332
210032311000102121210123200120
121121313200102100211332203030
121213200223231032001201221032
031123123133001023121001112110
011131222312220011003123201210
210320213232021100321300300000
113202001331001030220212122110
220210332112221213232231322120
203302213121110010132312120012
130021201123102320110201100232
301310123131023010222233031002
210032313020201233331330121210
231020312111222121230002032102
200100200303321313122321320130
010232031313200313210132111020
200311033230321332002212101310
123302210313012332303232120000
031230332231200130321323123122
321223211000222201120313030022
312310203313212220300201302130
110302331102112322111103110320
030310312122110202030220001230
320211031010313221132301000300
302201202201301231102212300220
322231013331301120233311200110
123311231220231011121113312302
032333301330133020303210333220
020003021032200122130133001232
130001122101010032131021231212
303301203020300231111003233212
303000121131101211011113113232
201213202002111022002223300332
111111001001100110111111000000