2223210010232310111231032
1333311020202213020331310
1023031033020113022210122
0131330320330102003200110
0312311233322230201011032
1033203000130132033130030
2122012013213300200220332
3300211022111201223312202
2101133111002100202021212
3100212123030310022031210
3120032310222312220322230
3333231101311000311130220
3031233213021113021012202
1011132101222023233201022
1132101003321001310301322
0213230110120222320311030
2131120232101230012233220
0323201030133223030212202
3323000131202230320220230
3311222123223131100332102
3310020300310320133110300
1131203000331322202200202
3021220112312233011011320
2233333212230101310313020
1010100110101101100010010