3010310132333201210112
3222013231331211203200
1223211101012020322000
1102322322102230203030
2311330003022123332220
2112122213022303211000
3122222200312322301312
0011020012220033001302
3213023210031132120232
3232332033232023322200
1231013033333022130302
2032213000003322121312
2211232310032131112132
2130302230010211020120
0213321310213200120320
3233012133231202200120
3002110112303313332120
1133020301200333312200
1222011220023332121222
0120302203231330302310
0231301103202211231230
2333031331132323030210
1233130000231223220122
2100033333333332203030
3102103132332102233022
1313222102121003331032
0311213331222233131010
1230013110130231032212
1002223201312002000210
2033102222222211003010
2313023202021033002002
0330210033011321022132
3201123112032132030022
3210322023313003102022
1011001100111111100000