1133130220123200031022101020310
2222210200221123210030102202132
2231310003112200312003021000210
0223121322303010210213031103022
3312202103321212030012210321222
2022111030233222222220300133202
1212001001133022120220221130012
0302120313001223130222122111032
2303302300333200223321301033212
0133212303010201010311121221330
3031021310220101331121332133022
1201013303002330310120131321010
0123112221203033231020100131330
1030303211031232233320232131220
0030001131213123111312100002302
3110312311301120121013322223030
2312311130233002023033032232202
3000223131212021123323023200132
0021302031303213102122323112330
2000013011031203022033113330322
0021220211322002113000011112300
2110103312121322031213103020310
2111302030230232312213201201320
3232320101210201211311322212130
3332133320320013132122203210022
0000001001111100111010000110100