111300132301223222313122131120
303321323222101030012323131012
200112221330133111002200002220
212123330023120120003132202300
220012313122021023133111200132
132123332331320003103021202130
021320100000203201110013313320
001020210022333021023012323000
111022132320330321330321301030
122311331131120222120001013322
022132200310222312232003213200
011002310303003122031130330132
030312200231123310320303222322
321323210102223032222323010002
321120320331133023213302300210
331201230032321203011103302002
033310332002223210213222202030
321222222212110312310220032212
001011000111001100001100110110