3201310001122131322210
3033002203300022111202
2331213213331321322200
3223013112122011331330
0210222221002332310222
0011331032113112222002
0103030311111000102032
0030201111323132030322
2321023322032320331210
3322200112033210131120
2222200100132122101202
2321220233131123121332
2023202322203320102200
0302021331213211031030
3210212311011313022100
1103032330231233230130
0002321113232020303020
1021231033320313110110
3313121210013230112300
1020110332012323202222
2233102111321220000010
3203122313110121112302
3330303220201021120130
2233201322022230031202
3321332221331332303032
1300102312233202331110
1323111322000131031022
1300120123013220110030
0323302321012031003320
0001020010300312130000
1033022322112331301100
0122322001322122102220
0032033311133032110230
2020322232122332022320
0330203220221133212032
3210113123032120232020
2200033323131002123100
1200133020023122223012
0201021212112213200330
0010101100000100001110