0021111121210122222212300212232
2120203332231023113220121312230
2202322112201212123221002131020
3132022232211031323301323313320
0330120021222031310231332011300
3031212201223221121330201133102
2330113330001213113121330111112
0202233300002101220300333221102
0110211122331230102132012112030
0302233013220330113121120133312
1221100023123323302102330222310
1103020002332232103021233023030
3333301311302132201101302121302
0122123031010323020113120230110
1130210222203333031213020113022
3030203002101320033112002210322
2102233202323213001300120221322
1133102001123331121233311200022
0200231322122333103111000330002
1301231211233213112303103133102
0331303201022220221320210320212
1130103332201112300222121321022
0132221113133223211101002011202
3022033113132120022231313132110
0100111101101011110001001011110