3213011233022102230
0103231122020213222
2333011223110021300
1221021322130203210
2121113031113012222
1300213121222022230
3120230323131233230
0013103102330230010
3012222223310020320
3031132032320201230
3112203103312023312
1033230031012210122
2223112211210012100
2201100101303333300
2020130113303320012
0332313103023212300
3233331001111331230
0121332033112122322
3121320303313231200
2203003002103200332
2212221313001113110
0213030313031333110
2202312123232031000
2223133023110032222
3231022230321332212
2222131310310030302
1030302011013003230
3200300220101022012
0132220200010320210
3212230002302002230
0130332023211001102
3233102320223123220
2022323323312122030
2133330103230211020
0120331220300112132
0001101300031122320
1102002310113001302
1112120202212003100
1101010011111100110