2122111231123001223320001211230
3232032131333123101312133022222
3221002031212130311033303200312
0233203111333212111220120232010
2222331031022310121222132022222
3133231223130220233312000310320
2101133222310330223211210121232
3123100321220302103312210311220
1121302310011122003023221132122
3311302223020013010232011213312
0313201023210022230223230013012
3310203222121112022013131311200
3203111233102200002011123110302
2200121121312332123103033301130
1013021032333122003012203001112
3213113301012322101303203012020
0313302012320112021331302110202
1320101303201333211101001021120
1132210101321101020032322102222
0113330022200023102101113113312
1111300332001000231122113232220
3020003121232211312312301101130
2333230011202322030210312033030
3001101023320311000212003003330
1200001210333130202133032212232
0100121131232301102100320011100
1233123221220033221303103210220
0133230012320111103221212111312
3132202030011203032223130012120
3103321000300213233031201000222
1230120211203010133202331232320
3103001233110010103320213322332
3311221203133323321112231322102
1311311300320200230022013120220
0303211301001132321012133010222
2323303011011103212012112100332
1231000010320111320231131221022
1012122323112100321021123131202
2312333322021202220121332223102
0111111011000011100001101000010