000333203012211323020230
311331213302232330030232
022300101022001230300220
322330203003223333123100
030010322300013111211112
122002111033323223200302
230023312232133003033332
023323100213201102301022
103233322300333022331132
132032301331013130322010
111003310030231022102022
223210123121102121030300
231123003023321023233300
101321113001011212133330
102221100231300001332012
133110203011002300132222
221011003222230032213110
101011220233312010013210
113301222012220103123022
131113322031112202003102
330123111232310220211330
121313000123021230202222
213313102033020312310200
012002102221312000221102
200211312312332123323032
323323102131311011321022
010110011101111001111010