02322000121320120022
12330033023220033110
11213322012323032032
21113101323310100110
13020130131231332332
30212222021302312212
20012303333332213232
02223113313022022212
11100322133323312132
31220002220032323210
33102003033322121102
31301100321110222210
02300221330100300302
10131113200323000302
31302203333302210310
30300030312021213222
22203023222203212102
33320012023001311232
20022313212010131210
21013303210330200102
13231110223312321222
30002102300102130300
12222030112023122230
32133201301230201012
10232210210032030130
03032331310221212332
21230132103133120002
32130230211332032000
03033000320012022320
01111011010100110010