020333330113220
323110132113122
202211003131032
211020133311132
012311021111310
110102120002300
001013033312102
012022313233200
312002322102202
211031313100100
133311322323120
312120000001102
330032232000132
320101020233030
333013200211030
201311022303032
120122321123332
312320101101022
232221233300022
002001233002220
111230013312230
133310231023112
100020302133302
002202032302012
221210222012222
101230320223230
100301332312000
230010332231010
231102011120322
200022132213100
210202223000230
033221100132102
003230000001012
332012032130100
312302133213012
131311222133220
320231313122120
320330212013212
333203121311030
100233020212302
101000110110000