2211233101130000221033232223002
0212010233022202330131020100022
2312102333010302023121210332110
3201221301303113131233032003100
0101311312100131302020200023122
3233131121033030221101201003110
1100223213221123033200213301130
3132201302303323232022202321012
2333021210301210132330213221210
1212311313102300300232032200012
3201323222213221011310231302000
3030322000233302313201003202232
3233323021102302210301113300112
0221321203302233100011003010202
1113203011302111110313300310020
0001313113021012001111122130322
0320123120031021011103221310232
2002001333321010322020332110110
2210021332220233123001333032100
2233113001322020001233110020310
0130120230333000212033221110200
1012122100302233332201031122012
1313112011303011120320033010202
3211231001121201211103212021220
1023330213121130322311230222210
1000100111001111111001011000100