30103221303103322
02232312332121022
13132013022321112
33210321000023312
01233022301022010
01303222022213232
02112331120212310
30023021330003322
03102102123232300
00201112101301130
10012033033321230
12023201130211012
13032212202231020
10302131232330112
21310113013221322
22123110021120020
12222023230002232
02230201222002332
00323201113313010
00332230133022012
30021221010230210
00223122231201132
02332210221310210
00212030103202020
32312113210101002
22003110021302300
12123113223223120
03232132110122330
12013030303033232
00100101102121210
30000200123110020
03132012232311012
30132130311200020
13333230103011330
13303311011002332
03313233023030120
01000001111111000