330131301033311321201002
013020312110212111110322
331222111033211103112102
322110211032030023323132
133321120330230233203122
032132221133200012031212
323211311013000211311120
311131030333030121211032
011021011313211212313232
000330112300201132202130
030330330232320022312002
232201133130122222332122
321131030130302331211030
210230323230233220331102
033212021200310301223030
111103313232302201003122
001001312220112230002112
031021103122110203100322
203323011102122010323312
131100102331333020302012
201321321121112201333222
301102322121102213233102
131102200121012031030302
012323113301110233032100
110022010021332120001132
101000001001111010110100