233202332213223210222312
203000201311103101232002
102200122022331033122312
022212022202101331132130
333323011210123223113110
222230111202000210111020
200022100331001203031130
002323333030003213012230
322310112311002132111012
332303223012233230203322
123101122222130230312330
330322313313332020212200
013132220303112131030210
322333132112113333310002
312211311102210231133000
030203310313302310123300
331013302101122301100230
321332302022332031200222
131202321021222323003232
310300321131233302200030
223230023233123001300222
123112122013121323303130
220202103111130110030112
211211030333333111130320
010033231012210102100022
121000120212321333202332
221000031221122322230230
220023133011201120133010
131003123310320003333200
130201132020122023201332
111221313000200222210232
130111211233320300013232
011011213223302110210010
023011113032022111121320
203321121102002231101320
111010101010011111100000